9.742776928372991279e+02
9.754164828097169675e+02
9.765552727821349208e+02
9.776940627545528741e+02
9.788328527269707138e+02
9.799716426993886671e+02
9.811104326718066204e+02
9.822492226442244601e+02
9.833880126166424134e+02
9.845268025890603667e+02
9.856655925614782063e+02
9.868043825338961597e+02
9.879431725063141130e+02
9.890819624787319526e+02
9.902207524511499059e+02
9.913595424235678593e+02
9.924983323959858126e+02
9.936371223684036522e+02
9.947759123408216055e+02
9.959147023132395589e+02
9.970534922856573985e+02
9.981922822580753518e+02
9.993310722304933051e+02
1.000469862202911145e+03
1.001608652175329098e+03
1.002747442147747051e+03
1.003886232120164891e+03
1.005025022092582844e+03
1.006163812065000798e+03
1.007302602037418637e+03
1.008441392009836591e+03
1.009580181982254544e+03
1.010718971954672384e+03
1.011857761927090337e+03
1.012996551899508290e+03
1.014135341871926130e+03
1.015274131844344083e+03
1.016412921816762037e+03
1.017551711789179876e+03
1.018690501761597829e+03
1.019829291734015783e+03
1.020968081706433622e+03
1.022106871678851576e+03
1.023245661651269529e+03
1.024384451623687482e+03
1.025523241596105436e+03
1.026662031568523162e+03
1.027800821540941342e+03
1.028939611513359068e+03
1.030078401485777022e+03
1.031217191458194975e+03
1.032355981430612701e+03
1.033494771403030882e+03
1.034633561375448608e+03
1.035772351347866561e+03
1.036911141320284514e+03
1.038049931292702468e+03
1.039188721265120421e+03
1.040327511237538147e+03
1.041466301209956328e+03
1.042605091182374053e+03
1.043743881154792007e+03
1.044882671127209960e+03
1.046021461099627686e+03
1.047160251072045867e+03
1.048299041044463593e+03
1.049437831016881546e+03
1.050576620989299499e+03
1.051715410961717453e+03
1.052854200934135406e+03
1.053992990906553132e+03
1.055131780878971313e+03
1.056270570851389039e+03
1.057409360823806992e+03
1.058548150796224945e+03
1.059686940768642899e+03
1.060825730741060852e+03
1.061964520713478578e+03
1.063103310685896759e+03
1.064242100658314484e+03
1.065380890630732438e+03
1.066519680603150391e+03
1.067658470575568117e+03
1.068797260547986298e+03
1.069936050520404024e+03
1.071074840492821977e+03
1.072213630465239930e+03
1.073352420437657884e+03
1.074491210410075837e+03
1.075630000382493563e+03
1.076768790354911744e+03
1.077907580327329470e+03
1.079046370299747423e+03
1.080185160272165376e+03
1.081323950244583330e+03
1.082462740217001283e+03
1.083601530189419009e+03
1.084740320161837190e+03
1.085879110134254915e+03
1.087017900106672869e+03
1.088156690079090822e+03
1.089295480051508548e+03
1.090434270023926729e+03
1.091573059996344455e+03
1.092711849968762408e+03
1.093850639941180361e+03
1.094989429913598315e+03
1.096128219886016268e+03
1.097267009858433994e+03
1.098405799830852175e+03
1.099544589803269901e+03
1.100683379775687854e+03
1.101822169748105807e+03
1.102960959720523533e+03
1.104099749692941714e+03
1.105238539665359440e+03
1.106377329637777393e+03
1.107516119610195346e+03
1.108654909582613300e+03
1.109793699555031253e+03
1.110932489527448979e+03
1.112071279499867160e+03
1.113210069472284886e+03
1.114348859444702839e+03
1.115487649417120792e+03
1.116626439389538746e+03
1.117765229361956699e+03
1.118904019334374425e+03
1.120042809306792606e+03
1.121181599279210332e+03
1.122320389251628285e+03
1.123459179224046238e+03
1.124597969196463964e+03
1.125736759168882145e+03
1.126875549141299871e+03
1.128014339113717824e+03
1.129153129086135777e+03
1.130291919058553731e+03
1.131430709030971684e+03
1.132569499003389410e+03
1.133708288975807591e+03
1.134847078948225317e+03
1.135985868920643270e+03
1.137124658893061223e+03
1.138263448865479177e+03
1.139402238837897130e+03
1.140541028810314856e+03
1.141679818782733037e+03
1.142818608755150763e+03
1.143957398727568716e+03
1.145096188699986669e+03
1.146234978672404395e+03
1.147373768644822576e+03
1.148512558617240302e+03
1.149651348589658255e+03
1.150790138562076208e+03
1.151928928534494162e+03
1.153067718506912115e+03
1.154206508479329841e+03
1.155345298451748022e+03
1.156484088424165748e+03
1.157622878396583701e+03
1.158761668369001654e+03
1.159900458341419380e+03
1.161039248313837561e+03
1.162178038286255287e+03
1.163316828258673240e+03
1.164455618231091194e+03
1.165594408203509147e+03
1.166733198175927100e+03
1.167871988148344826e+03
1.169010778120763007e+03
1.170149568093180733e+03
1.171288358065598686e+03
1.172427148038016639e+03
1.173565938010434593e+03
1.174704727982852546e+03
1.175843517955270272e+03
1.176982307927688453e+03
1.178121097900106179e+03
1.179259887872524132e+03
1.180398677844942085e+03
1.181537467817359811e+03
1.182676257789777992e+03
1.183815047762195718e+03
1.184953837734613671e+03
1.186092627707031625e+03
1.187231417679449578e+03
1.188370207651867531e+03
1.189508997624285257e+03
1.190647787596703438e+03
1.191786577569121164e+03
1.192925367541539117e+03
1.194064157513957070e+03
1.195202947486374796e+03
1.196341737458792977e+03
1.197480527431210703e+03
1.198619317403628884e+03
1.199758107376046610e+03
1.200896897348464563e+03
1.202035687320882516e+03
1.203174477293300242e+03
1.204313267265718423e+03
1.205452057238136149e+03
1.206590847210554102e+03
1.207729637182972056e+03
1.208868427155390009e+03
1.210007217127807962e+03
1.211146007100225688e+03
1.212284797072643869e+03
1.213423587045061595e+03
1.214562377017479548e+03
1.215701166989897501e+03
1.216839956962315227e+03
1.217978746934733408e+03
1.219117536907151134e+03
1.220256326879569087e+03
1.221395116851987041e+03
1.222533906824404994e+03
1.223672696796822947e+03
1.224811486769240673e+03
1.225950276741658854e+03
1.227089066714076580e+03
1.228227856686494533e+03
1.229366646658912487e+03
1.230505436631330440e+03
1.231644226603748393e+03
1.232783016576166119e+03
1.233921806548584300e+03
1.235060596521002026e+03
1.236199386493419979e+03
1.237338176465837932e+03
1.238476966438255658e+03
1.239615756410673839e+03
1.240754546383091565e+03
1.241893336355509518e+03
1.243032126327927472e+03
1.244170916300345425e+03
1.245309706272763378e+03
1.246448496245181104e+03
1.247587286217599285e+03
1.248726076190017011e+03
1.249864866162434964e+03
1.251003656134852918e+03
1.252142446107270644e+03
1.253281236079688824e+03
1.254420026052106550e+03
1.255558816024524731e+03
1.256697605996942457e+03
1.257836395969360410e+03
1.258975185941778363e+03
1.260113975914196089e+03
1.261252765886614270e+03
1.262391555859031996e+03
1.263530345831449949e+03
1.264669135803867903e+03
1.265807925776285856e+03
1.266946715748703809e+03
1.268085505721121535e+03
1.269224295693539716e+03
1.270363085665957442e+03
1.271501875638375395e+03
1.272640665610793349e+03
1.273779455583211075e+03
1.274918245555629255e+03
1.276057035528046981e+03
1.277195825500464935e+03
1.278334615472882888e+03
1.279473405445300841e+03
1.280612195417718794e+03
1.281750985390136520e+03
1.282889775362554701e+03
1.284028565334972427e+03
1.285167355307390380e+03
1.286306145279808334e+03
1.287444935252226287e+03
1.288583725224644240e+03
1.289722515197061966e+03
1.290861305169480147e+03
1.292000095141897873e+03
1.293138885114315826e+03
1.294277675086733780e+03
1.295416465059151506e+03
1.296555255031569686e+03
1.297694045003987412e+03
1.298832834976405366e+03
1.299971624948823319e+03
1.301110414921241272e+03
1.302249204893659225e+03
1.303387994866076951e+03
1.304526784838495132e+03
1.305665574810912858e+03
1.306804364783330811e+03
1.307943154755748765e+03
1.309081944728166491e+03
1.310220734700584671e+03
1.311359524673002397e+03
1.312498314645420351e+03
1.313637104617838304e+03
1.314775894590256257e+03
1.315914684562674211e+03
1.317053474535091937e+03
1.318192264507510117e+03
1.319331054479927843e+03
1.320469844452345797e+03
1.321608634424763750e+03
1.322747424397181703e+03
1.323886214369599656e+03
1.325025004342017382e+03
1.326163794314435563e+03
1.327302584286853289e+03
1.328441374259271242e+03
1.329580164231689196e+03
1.330718954204106922e+03
1.331857744176525102e+03
1.332996534148942828e+03
1.334135324121360782e+03
1.335274114093778735e+03
1.336412904066196688e+03
1.337551694038614642e+03
1.338690484011032368e+03
1.339829273983450548e+03
1.340968063955868274e+03
1.342106853928286228e+03
1.343245643900704181e+03
1.344384433873122134e+03
1.345523223845540087e+03
1.346662013817957813e+03
1.347800803790375994e+03
1.348939593762793720e+03
1.350078383735211673e+03
1.351217173707629627e+03
1.352355963680047353e+03
1.353494753652465533e+03
1.354633543624883259e+03
1.355772333597301213e+03
1.356911123569719166e+03
1.358049913542137119e+03
1.359188703514555073e+03
1.360327493486972799e+03
1.361466283459390979e+03
1.362605073431808705e+03
1.363743863404226659e+03
1.364882653376644612e+03
1.366021443349062338e+03
1.367160233321480518e+03
1.368299023293898244e+03
1.369437813266316198e+03
1.370576603238734151e+03
1.371715393211152104e+03
1.372854183183570058e+03
1.373992973155987784e+03
1.375131763128405964e+03
1.376270553100823690e+03
1.377409343073241644e+03
1.378548133045659597e+03
1.379686923018077550e+03
1.380825712990495504e+03
1.381964502962913230e+03
1.383103292935331410e+03
1.384242082907749136e+03
1.385380872880167090e+03
1.386519662852585043e+03
1.387658452825002769e+03
1.388797242797420950e+03
1.389936032769838675e+03
1.391074822742256629e+03
1.392213612714674582e+03
1.393352402687092535e+03
1.394491192659510489e+03
1.395629982631928215e+03
1.396768772604346395e+03
1.397907562576764121e+03
1.399046352549182075e+03
1.400185142521600028e+03
1.401323932494017981e+03
1.402462722466435935e+03
1.403601512438853661e+03
1.404740302411271841e+03
1.405879092383689567e+03
1.407017882356107521e+03
1.408156672328525474e+03
1.409295462300943200e+03
1.410434252273361381e+03
1.411573042245779106e+03
1.412711832218197060e+03
1.413850622190615013e+03
1.414989412163032966e+03
1.416128202135450920e+03
1.417266992107868646e+03
1.418405782080286826e+03
1.419544572052704552e+03
1.420683362025122506e+03
1.421822151997540459e+03
1.422960941969958185e+03
1.424099731942376366e+03
1.425238521914794092e+03
1.426377311887212045e+03
1.427516101859629998e+03
1.428654891832047952e+03
1.429793681804465905e+03
1.430932471776883631e+03
1.432071261749301812e+03
1.433210051721719537e+03
1.434348841694137491e+03
1.435487631666555444e+03
1.436626421638973397e+03
1.437765211611391351e+03
1.438904001583809077e+03
1.440042791556227257e+03
1.441181581528644983e+03
1.442320371501062937e+03
1.443459161473480890e+03
1.444597951445898616e+03
1.445736741418316797e+03
1.446875531390734523e+03
1.448014321363152476e+03
1.449153111335570429e+03
1.450291901307988383e+03
1.451430691280406336e+03
1.452569481252824062e+03
1.453708271225242243e+03
1.454847061197659968e+03
1.455985851170077922e+03
1.457124641142495875e+03
1.458263431114913828e+03
1.459402221087331782e+03
1.460541011059749508e+03
1.461679801032167461e+03
1.462818591004585414e+03
1.463957380977003368e+03
1.465096170949421321e+03
1.466234960921839274e+03
1.467373750894257228e+03
1.468512540866674954e+03
1.469651330839092907e+03
1.470790120811510860e+03
1.471928910783928814e+03
1.473067700756346767e+03
1.474206490728764493e+03
1.475345280701182446e+03
1.476484070673600399e+03
1.477622860646018353e+03
1.478761650618436306e+03
1.479900440590854259e+03
1.481039230563272213e+03
1.482178020535689939e+03
1.483316810508107892e+03
1.484455600480525845e+03
1.485594390452943799e+03
1.486733180425361752e+03
1.487871970397779478e+03
1.489010760370197659e+03
1.490149550342615385e+03
1.491288340315033338e+03
1.492427130287451291e+03
1.493565920259869245e+03
1.494704710232287198e+03
1.495843500204704924e+03
1.496982290177122877e+03
1.498121080149540830e+03
1.499259870121958784e+03
1.500398660094376737e+03
1.501537450066794690e+03
1.502676240039212644e+03
1.503815030011630370e+03
1.504953819984048323e+03
1.506092609956466276e+03
1.507231399928884230e+03
1.508370189901302183e+03
1.509508979873719909e+03
1.510647769846138090e+03
1.511786559818555816e+03
1.512925349790973769e+03
1.514064139763391722e+03
1.515202929735809676e+03
1.516341719708227629e+03
1.517480509680645355e+03
1.518619299653063308e+03
1.519758089625481261e+03
1.520896879597899215e+03
1.522035669570317168e+03
1.523174459542734894e+03
1.524313249515153075e+03
1.525452039487570801e+03
1.526590829459988754e+03
1.527729619432406707e+03
1.528868409404824661e+03
1.530007199377242614e+03
1.531145989349660340e+03
1.532284779322078293e+03
1.533423569294496247e+03
1.534562359266914200e+03
1.535701149239332153e+03
1.536839939211750107e+03
1.537978729184168060e+03
1.539117519156585786e+03
1.540256309129003739e+03
1.541395099101421692e+03
1.542533889073839646e+03
1.543672679046257599e+03
1.544811469018675325e+03
1.545950258991093506e+03
1.547089048963511232e+03
1.548227838935929185e+03
1.549366628908347138e+03
1.550505418880765092e+03
1.551644208853183045e+03
1.552782998825600771e+03
1.553921788798018724e+03
1.555060578770436678e+03
1.556199368742854631e+03
1.557338158715272584e+03
1.558476948687690538e+03
1.559615738660108491e+03
1.560754528632526217e+03
1.561893318604944170e+03
1.563032108577362123e+03
1.564170898549780077e+03
1.565309688522198030e+03
1.566448478494615756e+03
1.567587268467033937e+03
1.568726058439451663e+03
1.569864848411869616e+03
1.571003638384287569e+03
1.572142428356705523e+03
1.573281218329123476e+03
1.574420008301541202e+03
1.575558798273959155e+03
1.576697588246377109e+03
1.577836378218795062e+03
1.578975168191213015e+03
1.580113958163630741e+03
1.581252748136048922e+03
1.582391538108466648e+03
1.583530328080884601e+03
1.584669118053302554e+03
1.585807908025720508e+03
1.586946697998138461e+03
1.588085487970556187e+03
1.589224277942974140e+03
1.590363067915392094e+03
1.591501857887810047e+03
1.592640647860228000e+03
1.593779437832645954e+03
1.594918227805063907e+03
1.596057017777481633e+03
1.597195807749899586e+03
1.598334597722317540e+03
1.599473387694735493e+03
1.600612177667153446e+03
1.601750967639571172e+03
1.602889757611989353e+03
1.604028547584407079e+03
1.605167337556825032e+03
1.606306127529242985e+03
1.607444917501660939e+03
1.608583707474078892e+03
1.609722497446496618e+03
1.610861287418914571e+03
1.612000077391332525e+03
1.613138867363750478e+03
1.614277657336168431e+03
1.615416447308586385e+03
1.616555237281004338e+03
1.617694027253422064e+03
1.618832817225840017e+03
1.619971607198257971e+03
1.621110397170675924e+03
1.622249187143093877e+03
1.623387977115511603e+03
1.624526767087929557e+03
1.625665557060347510e+03
1.626804347032765463e+03
1.627943137005183416e+03
1.629081926977601370e+03
1.630220716950019323e+03
1.631359506922437049e+03
1.632498296894855002e+03
1.633637086867272956e+03
1.634775876839690909e+03
1.635914666812108862e+03
1.637053456784526588e+03
1.638192246756944769e+03
1.639331036729362495e+03
1.640469826701780448e+03
1.641608616674198402e+03
1.642747406646616355e+03
1.643886196619034308e+03
1.645024986591452034e+03
1.646163776563869988e+03
1.647302566536287941e+03
1.648441356508705894e+03
1.649580146481123847e+03
1.650718936453541801e+03
1.651857726425959754e+03
1.652996516398377480e+03
1.654135306370795433e+03
1.655274096343213387e+03
1.656412886315631340e+03
1.657551676288049293e+03
1.658690466260467019e+03
1.659829256232885200e+03
1.660968046205302926e+03
1.662106836177720879e+03
1.663245626150138833e+03
1.664384416122556786e+03
1.665523206094974739e+03
1.666661996067392465e+03
1.667800786039810419e+03
1.668939576012228372e+03
1.670078365984646325e+03
1.671217155957064278e+03
1.672355945929482232e+03
1.673494735901900185e+03
1.674633525874317911e+03
1.675772315846735864e+03
1.676911105819153818e+03
1.678049895791571771e+03
1.679188685763989724e+03
1.680327475736407450e+03
1.681466265708825404e+03
1.682605055681243357e+03
1.683743845653661310e+03
1.684882635626079264e+03
1.686021425598497217e+03
1.687160215570915170e+03
1.688299005543332896e+03
1.689437795515750850e+03
1.690576585488168803e+03
1.691715375460586756e+03
1.692854165433004709e+03
1.693992955405422435e+03
1.695131745377840616e+03
1.696270535350258342e+03
1.697409325322676295e+03
1.698548115295094249e+03
1.699686905267512202e+03
1.700825695239930155e+03
1.701964485212347881e+03
1.703103275184765835e+03
1.704242065157183788e+03
1.705380855129601741e+03
1.706519645102019695e+03
1.707658435074437648e+03
1.708797225046855601e+03
1.709936015019273327e+03
1.711074804991691281e+03
1.712213594964109234e+03
1.713352384936527187e+03
1.714491174908945140e+03
1.715629964881362866e+03
1.716768754853780820e+03
1.717907544826198773e+03
1.719046334798616726e+03
1.720185124771034680e+03
1.721323914743452633e+03
1.722462704715870586e+03
1.723601494688288312e+03
1.724740284660706266e+03
1.725879074633124219e+03
1.727017864605542172e+03
1.728156654577960126e+03
1.729295444550378079e+03
1.730434234522796032e+03
1.731573024495213758e+03
1.732711814467631712e+03
1.733850604440049665e+03
1.734989394412467618e+03
1.736128184384885571e+03
1.737266974357303297e+03
1.738405764329721251e+03
1.739544554302139204e+03
1.740683344274557157e+03
1.741822134246975111e+03
1.742960924219393064e+03
1.744099714191811017e+03
1.745238504164228743e+03
1.746377294136646697e+03
1.747516084109064650e+03
1.748654874081482603e+03
1.749793664053900557e+03
1.750932454026318510e+03
1.752071243998736236e+03
1.753210033971154189e+03
1.754348823943572143e+03
1.755487613915990096e+03
1.756626403888408049e+03
1.757765193860826002e+03
1.758903983833243728e+03
1.760042773805661682e+03
1.761181563778079635e+03
1.762320353750497588e+03
1.763459143722915542e+03
1.764597933695333495e+03
1.765736723667751448e+03
1.766875513640169174e+03
1.768014303612587128e+03
1.769153093585005081e+03
1.770291883557423034e+03
1.771430673529840988e+03
1.772569463502258714e+03
1.773708253474676667e+03
1.774847043447094620e+03
1.775985833419512574e+03
1.777124623391930527e+03
1.778263413364348480e+03
1.779402203336766433e+03
1.780540993309184159e+03
1.781679783281602113e+03
1.782818573254020066e+03
1.783957363226438019e+03
1.785096153198855973e+03
1.786234943171273926e+03
1.787373733143691879e+03
1.788512523116109605e+03
1.789651313088527559e+03
1.790790103060945512e+03
1.791928893033363465e+03
1.793067683005781419e+03
1.794206472978199145e+03
1.795345262950617098e+03
1.796484052923035051e+03
