1150.00,1.53521e-11
1155.00,2.17153e-11
1160.00,1.68467e-11
1165.00,3.36151e-12
1170.00,1.76025e-13
1175.00,6.20237e-13
1180.00,4.11944e-12
1185.00,3.08723e-12
1190.00,4.10307e-13
1195.00,4.83777e-13
1200.00,4.58669e-12
1205.00,1.78274e-11
1210.00,5.74751e-11
1215.00,9.08152e-11
1220.00,6.06296e-11
1225.00,1.60142e-11
1230.00,2.58041e-12
1235.00,1.44343e-12
1240.00,1.25964e-12
1245.00,8.83136e-13
1250.00,6.86349e-13
1255.00,6.80586e-13
1260.00,5.82181e-13
1265.00,8.24405e-14
1270.00,4.06435e-14
1275.00,3.93284e-13
1280.00,1.07681e-12
1285.00,9.99932e-13
1290.00,3.27942e-13
1295.00,2.69207e-13
1300.00,5.20345e-13
1305.00,1.44316e-13
1310.00,5.02046e-13
1315.00,9.34871e-13
1320.00,7.78388e-13
1325.00,5.59567e-13
1330.00,7.08093e-13
1335.00,6.03418e-13
1340.00,2.56114e-13
1345.00,8.91019e-14
1350.00,3.11996e-13
1355.00,5.83155e-13
1360.00,7.18957e-13
1365.00,8.37493e-13
1370.00,6.18025e-13
1375.00,8.32429e-13
1380.00,1.04680e-12
1385.00,8.98375e-13
1390.00,4.21860e-13
1395.00,7.81739e-13
1400.00,1.15638e-12
1405.00,1.47099e-12
1410.00,1.20409e-12
1415.00,4.09219e-13
1420.00,1.04887e-13
1425.00,5.16874e-13
1430.00,9.77139e-13
1435.00,8.96165e-13
1440.00,1.46460e-12
1445.00,2.55043e-12
1450.00,2.15571e-12
1455.00,1.15306e-12
1460.00,6.01252e-13
1465.00,7.54242e-13
1470.00,1.24815e-12
1475.00,1.47776e-12
1480.00,1.44870e-12
1485.00,1.14421e-12
1490.00,1.16378e-12
1495.00,1.27620e-12
1500.00,1.27612e-12
1505.00,1.23249e-12
1510.00,1.21631e-12
1515.00,1.19108e-12
1520.00,1.10204e-12
1525.00,1.15842e-12
1530.00,1.39153e-12
1535.00,1.66498e-12
1540.00,1.92432e-12
1545.00,2.61516e-12
1550.00,2.52978e-12
1555.00,1.73874e-12
1560.00,1.92815e-12
1565.00,2.05213e-12
1570.00,2.10352e-12
1575.00,2.31291e-12
1580.00,1.92186e-12
1585.00,1.84116e-12
1590.00,1.84409e-12
1595.00,1.39638e-12
1600.00,1.21241e-12
1605.00,1.62677e-12
1610.00,1.54978e-12
1615.00,9.75772e-13
1620.00,8.09774e-13
1625.00,1.17490e-12
1630.00,1.74657e-12
1635.00,1.93584e-12
1640.00,1.41229e-12
1645.00,1.67322e-12
1650.00,2.01752e-12
1655.00,1.97629e-12
1660.00,2.58054e-12
1665.00,2.70871e-12
1670.00,2.30769e-12
1675.00,1.98159e-12
1680.00,2.51119e-12
1685.00,2.56124e-12
1690.00,2.51505e-12
1695.00,2.81980e-12
1700.00,3.14693e-12
1705.00,2.71656e-12
1710.00,2.32820e-12
1715.00,2.50263e-12
1720.00,2.92504e-12
1725.00,3.21769e-12
1730.00,3.28659e-12
1735.00,3.70185e-12
1740.00,3.99251e-12
1745.00,4.56733e-12
1750.00,4.63985e-12
1755.00,4.49739e-12
1760.00,4.85671e-12
1765.00,5.51117e-12
1770.00,5.96107e-12
1775.00,6.65386e-12
1780.00,6.09099e-12
1785.00,5.28914e-12
1790.00,4.09126e-12
1795.00,4.53086e-12
1800.00,5.69275e-12
1805.00,6.45194e-12
1810.00,7.40788e-12
1815.00,8.21113e-12
1820.00,8.73385e-12
1825.00,8.48712e-12
1830.00,8.43426e-12
1835.00,8.59122e-12
1840.00,8.42538e-12
1845.00,7.90767e-12
1850.00,7.88383e-12
1855.00,8.55134e-12
1860.00,9.59581e-12
1865.00,1.03081e-11
1870.00,1.08744e-11
1875.00,1.12787e-11
1880.00,1.17223e-11
1885.00,1.23953e-11
1890.00,1.29254e-11
1895.00,1.28952e-11
1900.00,1.19924e-11
1905.00,1.22015e-11
1910.00,1.32312e-11
1915.00,1.38771e-11
1920.00,1.46189e-11
1925.00,1.41739e-11
1930.00,1.32806e-11
1935.00,1.29458e-11
1940.00,1.45567e-11
1945.00,1.77613e-11
1950.00,2.15085e-11
1955.00,3.40265e-11
1960.00,3.65763e-11
1965.00,1.96082e-11
1970.00,3.28567e-12
1975.00,1.74629e-12
1980.00,1.70261e-11
1985.00,5.38426e-11
1990.00,5.80149e-11
1995.00,3.82725e-11
2000.00,2.73363e-11
2005.00,3.80455e-12
2010.00,3.45874e-13
2015.00,2.07009e-12
2020.00,3.44161e-13
2025.00,0.00000
2030.00,0.00000
2035.00,0.00000
2040.00,1.68195e-13
2045.00,3.62928e-12
2050.00,1.91097e-11
2055.00,2.69126e-11
2060.00,3.48057e-11
2065.00,2.11088e-11
2070.00,2.03909e-11
2075.00,4.71192e-11
2080.00,7.31257e-11
2085.00,6.22503e-11
2090.00,4.80901e-11
2095.00,4.26171e-11
2100.00,8.38043e-11
2105.00,1.19687e-10
2110.00,1.22639e-10
2115.00,1.07803e-10
2120.00,1.14548e-10
2125.00,1.05735e-10
2130.00,5.57201e-11
2135.00,9.27896e-11
2140.00,1.13005e-10
2145.00,1.22126e-10
2150.00,1.28348e-10
2155.00,1.14790e-10
2160.00,9.69491e-11
2165.00,4.08130e-11
2170.00,1.07073e-11
2175.00,5.20539e-11
2180.00,1.16552e-10
2185.00,1.28347e-10
2190.00,9.97145e-11
2195.00,8.53789e-11
2200.00,1.10754e-10
2205.00,1.12587e-10
2210.00,1.26651e-10
2215.00,8.03882e-11
2220.00,9.48537e-11
2225.00,1.01501e-10
2230.00,8.18863e-11
2235.00,1.04687e-10
2240.00,1.31579e-10
2245.00,1.25955e-10
2250.00,8.87738e-11
2255.00,1.30551e-10
2260.00,1.32756e-10
2265.00,8.73746e-11
2270.00,6.47642e-11
2275.00,6.46911e-11
2280.00,6.64863e-11
2285.00,6.01338e-11
2290.00,8.83913e-11
2295.00,1.00651e-10
2300.00,1.03768e-10
2305.00,9.90079e-11
2310.00,1.06546e-10
2315.00,9.34408e-11
2320.00,1.23336e-10
2325.00,1.62360e-10
2330.00,1.36079e-10
2335.00,1.08710e-10
2340.00,1.14123e-10
2345.00,1.01622e-10
2350.00,1.00501e-10
2355.00,1.10879e-10
2360.00,1.21592e-10
2365.00,1.19240e-10
2370.00,1.28683e-10
2375.00,1.19773e-10
2380.00,1.12462e-10
2385.00,1.02405e-10
2390.00,1.11029e-10
2395.00,1.08186e-10
2400.00,9.57165e-11
2405.00,9.29766e-11
2410.00,9.92645e-11
2415.00,1.15681e-10
2420.00,1.57366e-10
2425.00,1.92457e-10
2430.00,2.10856e-10
2435.00,2.12508e-10
2440.00,2.07141e-10
2445.00,1.73370e-10
2450.00,1.10814e-10
2455.00,8.33888e-11
2460.00,1.08367e-10
2465.00,1.25622e-10
2470.00,1.23960e-10
2475.00,1.25665e-10
2480.00,1.27534e-10
2485.00,1.06758e-10
2490.00,9.06776e-11
2495.00,1.30332e-10
2500.00,1.79590e-10
2505.00,1.84876e-10
2510.00,1.62068e-10
2515.00,1.27356e-10
2520.00,1.06505e-10
2525.00,1.04811e-10
2530.00,1.26265e-10
2535.00,1.39089e-10
2540.00,1.39614e-10
2545.00,1.49917e-10
2550.00,1.69260e-10
2555.00,1.97080e-10
2560.00,2.11479e-10
2565.00,2.45340e-10
2570.00,2.90601e-10
2575.00,3.11758e-10
2580.00,3.31647e-10
2585.00,3.18110e-10
2590.00,2.94457e-10
2595.00,2.51103e-10
2600.00,2.26890e-10
2605.00,2.17472e-10
2610.00,2.11646e-10
2615.00,2.33282e-10
2620.00,2.64408e-10
2625.00,2.56845e-10
2630.00,2.90184e-10
2635.00,4.53693e-10
2640.00,5.99964e-10
2645.00,6.08499e-10
2650.00,5.91541e-10
2655.00,6.45745e-10
2660.00,6.38821e-10
2665.00,6.05046e-10
2670.00,6.19476e-10
2675.00,6.07601e-10
2680.00,6.04510e-10
2685.00,5.99620e-10
2690.00,5.65015e-10
2695.00,5.50563e-10
2700.00,5.96417e-10
2705.00,6.26214e-10
2710.00,6.01204e-10
2715.00,5.52282e-10
2720.00,4.60768e-10
2725.00,4.80066e-10
2730.00,5.01994e-10
2735.00,4.38254e-10
2740.00,3.45725e-10
2745.00,3.11457e-10
2750.00,3.42343e-10
2755.00,3.88640e-10
2760.00,4.65673e-10
2765.00,5.47443e-10
2770.00,5.83065e-10
2775.00,5.21152e-10
2780.00,4.35726e-10
2785.00,3.65219e-10
2790.00,2.58509e-10
2795.00,1.86514e-10
2800.00,1.85122e-10
2805.00,2.35436e-10
2810.00,3.38676e-10
2815.00,5.09978e-10
2820.00,6.25831e-10
2825.00,6.79210e-10
2830.00,7.17984e-10
2835.00,7.14485e-10
2840.00,6.64482e-10
2845.00,5.41454e-10
2850.00,3.98881e-10
2855.00,4.58038e-10
2860.00,6.68531e-10
2865.00,7.66271e-10
2870.00,7.61869e-10
2875.00,7.44649e-10
2880.00,7.05086e-10
2885.00,8.03564e-10
2890.00,8.80689e-10
2895.00,9.14032e-10
2900.00,9.77652e-10
2905.00,1.01567e-09
2910.00,1.05104e-09
2915.00,1.07203e-09
2920.00,1.03951e-09
2925.00,9.99156e-10
2930.00,1.00833e-09
2935.00,1.03642e-09
2940.00,1.05514e-09
2945.00,1.07231e-09
2950.00,1.08044e-09
2955.00,1.11306e-09
2960.00,1.10522e-09
2965.00,1.03335e-09
2970.00,1.05111e-09
2975.00,1.10615e-09
2980.00,1.04107e-09
2985.00,9.89186e-10
2990.00,1.05467e-09
2995.00,1.06028e-09
3000.00,9.94184e-10
3005.00,1.02436e-09
3010.00,1.09522e-09
3015.00,1.07793e-09
3020.00,1.08014e-09
3025.00,1.19516e-09
3030.00,1.30851e-09
3035.00,1.31170e-09
3040.00,1.27955e-09
3045.00,1.30741e-09
3050.00,1.31985e-09
3055.00,1.24992e-09
3060.00,1.23667e-09
3065.00,1.30166e-09
3070.00,1.38735e-09
3075.00,1.41220e-09
3080.00,1.44861e-09
3085.00,1.46733e-09
3090.00,1.27837e-09
3095.00,1.16238e-09
3100.00,1.21936e-09
3105.00,1.40787e-09
3110.00,1.51104e-09
3115.00,1.45767e-09
3120.00,1.34782e-09
3125.00,1.36195e-09
3130.00,1.48287e-09
3135.00,1.48841e-09
3140.00,1.39695e-09
3145.00,1.31213e-09
3150.00,1.31246e-09
3155.00,1.28236e-09
3160.00,1.31270e-09
3165.00,1.40503e-09
3170.00,1.51022e-09
3175.00,1.50795e-09
3180.00,1.40517e-09
3185.00,1.35682e-09
3190.00,1.34900e-09
3195.00,1.41409e-09
3200.00,1.59077e-09
3205.00,1.65243e-09
3210.00,1.64807e-09
3215.00,1.60610e-09
3220.00,1.53706e-09
3225.00,1.45868e-09
3230.00,1.41136e-09
3235.00,1.42476e-09
3240.00,1.47763e-09
3245.00,1.53845e-09
3250.00,1.60031e-09
3255.00,1.67199e-09
3260.00,1.77468e-09
3265.00,1.90220e-09
3270.00,1.96907e-09
3275.00,1.91729e-09
3280.00,1.83792e-09
3285.00,1.83457e-09
3290.00,1.89304e-09
3295.00,1.95710e-09
3300.00,1.98294e-09
3305.00,1.95543e-09
3310.00,1.91730e-09
3315.00,1.91075e-09
3320.00,1.92036e-09
3325.00,1.91662e-09
3330.00,1.89280e-09
3335.00,1.86206e-09
3340.00,1.86276e-09
3345.00,1.91222e-09
3350.00,1.95050e-09
3355.00,1.92386e-09
3360.00,1.87102e-09
3365.00,1.84280e-09
3370.00,1.82888e-09
3375.00,1.81096e-09
3380.00,1.81225e-09
3385.00,1.85684e-09
3390.00,1.92757e-09
3395.00,1.99367e-09
3400.00,2.03167e-09
3405.00,2.03058e-09
3410.00,2.00434e-09
3415.00,1.97920e-09
3420.00,1.98700e-09
3425.00,2.03315e-09
3430.00,2.05134e-09
3435.00,1.98757e-09
3440.00,1.89140e-09
3445.00,1.83544e-09
3450.00,1.84607e-09
3455.00,1.90993e-09
3460.00,1.96061e-09
3465.00,1.94719e-09
3470.00,1.90925e-09
3475.00,1.89588e-09
3480.00,1.89174e-09
3485.00,1.87477e-09
3490.00,1.87118e-09
3495.00,1.90892e-09
3500.00,1.97004e-09
3505.00,2.03982e-09
3510.00,2.16002e-09
3515.00,2.10375e-09
3520.00,2.05801e-09
3525.00,2.03153e-09
3530.00,2.14800e-09
3535.00,2.26010e-09
3540.00,2.30874e-09
3545.00,2.31672e-09
3550.00,2.29674e-09
3555.00,2.26409e-09
3560.00,2.23041e-09
3565.00,2.07251e-09
3570.00,1.90486e-09
3575.00,1.89180e-09
3580.00,1.81750e-09
3585.00,1.74471e-09
3590.00,1.91585e-09
3595.00,2.18415e-09
3600.00,2.28399e-09
3605.00,2.15922e-09
3610.00,2.06622e-09
3615.00,2.08999e-09
3620.00,2.06937e-09
3625.00,2.17479e-09
3630.00,2.22300e-09
3635.00,2.16851e-09
3640.00,2.21753e-09
3645.00,2.23508e-09
3650.00,2.26899e-09
3655.00,2.45405e-09
3660.00,2.57062e-09
3665.00,2.57555e-09
3670.00,2.54502e-09
3675.00,2.53012e-09
3680.00,2.45498e-09
3685.00,2.42424e-09
3690.00,2.48847e-09
3695.00,2.55698e-09
3700.00,2.57202e-09
3705.00,2.49902e-09
3710.00,2.46718e-09
3715.00,2.53984e-09
3720.00,2.42061e-09
3725.00,2.32785e-09
3730.00,2.26984e-09
3735.00,2.10514e-09
3740.00,2.13793e-09
3745.00,2.18400e-09
3750.00,2.18898e-09
3755.00,2.38905e-09
3760.00,2.44055e-09
3765.00,2.44276e-09
3770.00,2.51929e-09
3775.00,2.74251e-09
3780.00,2.95306e-09
3785.00,2.96560e-09
3790.00,2.75811e-09
3795.00,2.54819e-09
3800.00,2.50946e-09
3805.00,2.72341e-09
3810.00,2.81389e-09
3815.00,2.65971e-09
3820.00,2.42286e-09
3825.00,2.16247e-09
3830.00,1.92692e-09
3835.00,1.84593e-09
3840.00,2.00823e-09
3845.00,2.33699e-09
3850.00,2.58092e-09
3855.00,2.64159e-09
3860.00,2.62657e-09
3865.00,2.69846e-09
3870.00,2.67012e-09
3875.00,2.63038e-09
3880.00,2.53087e-09
3885.00,2.38904e-09
3890.00,2.36568e-09
3895.00,2.55923e-09
3900.00,2.69883e-09
3905.00,2.65368e-09
3910.00,2.83053e-09
3915.00,2.89866e-09
3920.00,2.70560e-09
3925.00,2.30399e-09
3930.00,1.76375e-09
3935.00,1.53175e-09
3940.00,1.84398e-09
3945.00,2.28231e-09
3950.00,2.62474e-09
3955.00,2.69199e-09
3960.00,2.42321e-09
3965.00,1.92627e-09
3970.00,1.68143e-09
3975.00,2.03084e-09
3980.00,2.59778e-09
3985.00,3.04605e-09
3990.00,3.40142e-09
3995.00,3.59892e-09
4000.00,3.64150e-09
4005.00,3.63232e-09
4010.00,3.66946e-09
4015.00,3.75880e-09
4020.00,3.82790e-09
4025.00,3.83414e-09
4030.00,3.73772e-09
4035.00,3.70096e-09
4040.00,3.72243e-09
4045.00,3.65298e-09
4050.00,3.68293e-09
4055.00,3.62738e-09
4060.00,3.50800e-09
4065.00,3.43669e-09
4070.00,3.44988e-09
4075.00,3.49217e-09
4080.00,3.59891e-09
4085.00,3.72858e-09
4090.00,3.71509e-09
4095.00,3.48480e-09
4100.00,3.19305e-09
4105.00,3.22083e-09
4110.00,3.47447e-09
4115.00,3.69360e-09
4120.00,3.79981e-09
4125.00,3.81618e-09
4130.00,3.75898e-09
4135.00,3.74712e-09
4140.00,3.77498e-09
4145.00,3.75291e-09
4150.00,3.74426e-09
4155.00,3.71643e-09
4160.00,3.74099e-09
4165.00,3.76780e-09
4170.00,3.70774e-09
4175.00,3.62845e-09
4180.00,3.64820e-09
4185.00,3.65683e-09
4190.00,3.65395e-09
4195.00,3.61978e-09
4200.00,3.56839e-09
4205.00,3.66569e-09
4210.00,3.79116e-09
4215.00,3.80965e-09
4220.00,3.75125e-09
4225.00,3.59355e-09
4230.00,3.54630e-09
4235.00,3.59006e-09
4240.00,3.62654e-09
4245.00,3.71421e-09
4250.00,3.73757e-09
4255.00,3.74709e-09
4260.00,3.69608e-09
4265.00,3.64973e-09
4270.00,3.54233e-09
4275.00,3.49632e-09
4280.00,3.60700e-09
4285.00,3.60259e-09
4290.00,3.48486e-09
4295.00,3.29599e-09
4300.00,3.00376e-09
4305.00,2.82747e-09
4310.00,2.88221e-09
4315.00,3.24115e-09
4320.00,3.59448e-09
4325.00,3.62129e-09
4330.00,3.65197e-09
4335.00,3.55399e-09
4340.00,3.30877e-09
4345.00,3.36084e-09
4350.00,3.58350e-09
4355.00,3.74253e-09
4360.00,3.89149e-09
4365.00,3.98176e-09
4370.00,3.91692e-09
4375.00,3.79257e-09
4380.00,3.68996e-09
4385.00,3.55895e-09
4390.00,3.62970e-09
4395.00,3.73567e-09
4400.00,3.79218e-09
4405.00,3.79876e-09
4410.00,3.89792e-09
4415.00,3.97880e-09
4420.00,4.03131e-09
4425.00,4.10107e-09
4430.00,4.09904e-09
4435.00,4.09335e-09
4440.00,4.14142e-09
4445.00,4.13912e-09
4450.00,4.11477e-09
4455.00,3.96442e-09
4460.00,3.90093e-09
4465.00,3.98127e-09
4470.00,4.06340e-09
4475.00,4.16054e-09
4480.00,4.15953e-09
4485.00,4.19424e-09
4490.00,4.21313e-09
4495.00,4.24571e-09
4500.00,4.35463e-09
4505.00,4.49246e-09
4510.00,4.53760e-09
4515.00,4.43265e-09
4520.00,4.29588e-09
4525.00,4.11288e-09
4530.00,4.00192e-09
4535.00,4.06255e-09
4540.00,4.17355e-09
4545.00,4.20434e-09
4550.00,4.16990e-09
4555.00,4.18921e-09
4560.00,4.22920e-09
4565.00,4.23119e-09
4570.00,4.27108e-09
4575.00,4.29594e-09
4580.00,4.22697e-09
4585.00,4.17124e-09
4590.00,4.16928e-09
4595.00,4.16324e-09
4600.00,4.17498e-09
4605.00,4.19878e-09
4610.00,4.23520e-09
4615.00,4.28676e-09
4620.00,4.34941e-09
4625.00,4.36019e-09
4630.00,4.30609e-09
4635.00,4.24036e-09
4640.00,4.17194e-09
4645.00,4.09875e-09
4650.00,4.08674e-09
4655.00,4.13763e-09
4660.00,4.13636e-09
4665.00,4.03700e-09
4670.00,4.01525e-09
4675.00,4.05494e-09
4680.00,4.08817e-09
4685.00,4.12285e-09
4690.00,4.11340e-09
4695.00,4.06542e-09
4700.00,3.96593e-09
4705.00,3.91824e-09
4710.00,3.96867e-09
4715.00,4.05033e-09
4720.00,4.13226e-09
4725.00,4.17499e-09
4730.00,4.15321e-09
4735.00,4.15092e-09
4740.00,4.17748e-09
4745.00,4.21928e-09
4750.00,4.22588e-09
4755.00,4.18216e-09
4760.00,4.12403e-09
4765.00,4.06824e-09
4770.00,4.09351e-09
4775.00,4.19346e-09
4780.00,4.23168e-09
4785.00,4.20996e-09
4790.00,4.20029e-09
4795.00,4.22456e-09
4800.00,4.21483e-09
4805.00,4.18990e-09
4810.00,4.16239e-09
4815.00,4.19564e-09
4820.00,4.21930e-09
4825.00,4.15741e-09
4830.00,4.14801e-09
4835.00,4.13164e-09
4840.00,4.06810e-09
4845.00,4.01364e-09
4850.00,3.86499e-09
4855.00,3.59005e-09
4860.00,3.34100e-09
4865.00,3.39142e-09
4870.00,3.52272e-09
4875.00,3.66341e-09
4880.00,3.81563e-09
4885.00,3.86505e-09
4890.00,3.94031e-09
4895.00,4.06267e-09
4900.00,4.09674e-09
4905.00,4.05258e-09
4910.00,3.97488e-09
4915.00,3.91957e-09
4920.00,3.82847e-09
4925.00,3.86042e-09
4930.00,3.94788e-09
4935.00,3.95872e-09
4940.00,3.99488e-09
4945.00,4.08752e-09
4950.00,4.09502e-09
4955.00,4.04047e-09
4960.00,4.01518e-09
4965.00,4.03804e-09
4970.00,4.03349e-09
4975.00,4.01693e-09
4980.00,3.93150e-09
4985.00,3.85566e-09
4990.00,3.90334e-09
4995.00,3.89405e-09
5000.00,3.80117e-09
5005.00,3.71545e-09
5010.00,3.71312e-09
5015.00,3.69834e-09
5020.00,3.73328e-09
5025.00,3.80959e-09
5030.00,3.86470e-09
5035.00,3.83248e-09
5040.00,3.74271e-09
5045.00,3.77605e-09
5050.00,3.84486e-09
5055.00,3.90395e-09
5060.00,3.96665e-09
5065.00,3.93764e-09
5070.00,3.87067e-09
5075.00,3.81770e-09
5080.00,3.77648e-09
5085.00,3.81941e-09
5090.00,3.90364e-09
5095.00,3.92142e-09
5100.00,3.88858e-09
5105.00,3.89015e-09
5110.00,3.88136e-09
5115.00,3.93353e-09
5120.00,3.91592e-09
5125.00,3.80830e-09
5130.00,3.75143e-09
5135.00,3.72544e-09
5140.00,3.69702e-09
5145.00,3.73487e-09
5150.00,3.75387e-09
5155.00,3.73375e-09
5160.00,3.64790e-09
5165.00,3.42292e-09
5170.00,3.27208e-09
5175.00,3.36250e-09
5180.00,3.44337e-09
5185.00,3.43051e-09
5190.00,3.53149e-09
5195.00,3.60256e-09
5200.00,3.65688e-09
5205.00,3.65815e-09
5210.00,3.69660e-09
5215.00,3.73944e-09
5220.00,3.75216e-09
5225.00,3.67556e-09
5230.00,3.66044e-09
5235.00,3.72785e-09
5240.00,3.81463e-09
5245.00,3.84574e-09
5250.00,3.82393e-09
5255.00,3.79533e-09
5260.00,3.66541e-09
5265.00,3.44628e-09
5270.00,3.38824e-09
5275.00,3.51860e-09
5280.00,3.66624e-09
5285.00,3.76486e-09
5290.00,3.86224e-09
5295.00,3.83600e-09
5300.00,3.81611e-09
5305.00,3.86132e-09
5310.00,3.89169e-09
5315.00,3.86964e-09
5320.00,3.80310e-09
5325.00,3.67955e-09
5330.00,3.61047e-09
5335.00,3.66495e-09
5340.00,3.72164e-09
5345.00,3.79026e-09
5350.00,3.84698e-09
5355.00,3.88689e-09
5360.00,3.83732e-09
5365.00,3.72922e-09
5370.00,3.67244e-09
5375.00,3.72562e-09
5380.00,3.76547e-09
5385.00,3.76285e-09
5390.00,3.72404e-09
5395.00,3.65637e-09
5400.00,3.60454e-09
5405.00,3.55351e-09
5410.00,3.58092e-09
5415.00,3.63832e-09
5420.00,3.67547e-09
5425.00,3.69100e-09
5430.00,3.67170e-09
5435.00,3.66573e-09
5440.00,3.69938e-09
5445.00,3.69762e-09
5450.00,3.72562e-09
5455.00,3.73040e-09
5460.00,3.73068e-09
5465.00,3.69208e-09
5470.00,3.65216e-09
5475.00,3.59315e-09
5480.00,3.58610e-09
5485.00,3.64809e-09
5490.00,3.67861e-09
5495.00,3.68289e-09
5500.00,3.66693e-09
5505.00,3.63499e-09
5510.00,3.62008e-09
5515.00,3.62531e-09
5520.00,3.63688e-09
5525.00,3.61216e-09
5530.00,3.60780e-09
5535.00,3.64649e-09
5540.00,3.67020e-09
5545.00,3.69124e-09
5550.00,3.71289e-09
5555.00,3.69600e-09
5560.00,3.66367e-09
5565.00,3.62258e-09
5570.00,3.58667e-09
5575.00,3.57268e-09
5580.00,3.56343e-09
5585.00,3.50306e-09
5590.00,3.45242e-09
5595.00,3.47443e-09
5600.00,3.49671e-09
5605.00,3.55223e-09
5610.00,3.60849e-09
5615.00,3.56655e-09
5620.00,3.55868e-09
5625.00,3.57406e-09
5630.00,3.59161e-09
5635.00,3.59385e-09
5640.00,3.58030e-09
5645.00,3.57425e-09
5650.00,3.55633e-09
5655.00,3.51195e-09
5660.00,3.48135e-09
5665.00,3.49927e-09
5670.00,3.54161e-09
5675.00,3.57263e-09
5680.00,3.57143e-09
5685.00,3.53144e-09
5690.00,3.49273e-09
5695.00,3.46366e-09
5700.00,3.43463e-09
5705.00,3.41151e-09
5710.00,3.39941e-09
5715.00,3.45311e-09
5720.00,3.53673e-09
5725.00,3.60136e-09
5730.00,3.63245e-09
5735.00,3.63504e-09
5740.00,3.60751e-09
5745.00,3.56482e-09
5750.00,3.51287e-09
5755.00,3.48724e-09
5760.00,3.48688e-09
5765.00,3.50129e-09
5770.00,3.52476e-09
5775.00,3.53566e-09
5780.00,3.49160e-09
5785.00,3.43935e-09
5790.00,3.44601e-09
5795.00,3.47411e-09
5800.00,3.47563e-09
5805.00,3.48124e-09
5810.00,3.50767e-09
5815.00,3.51903e-09
5820.00,3.54609e-09
5825.00,3.57507e-09
5830.00,3.59731e-09
5835.00,3.58909e-09
5840.00,3.58183e-09
5845.00,3.52496e-09
5850.00,3.48692e-09
5855.00,3.45344e-09
5860.00,3.45567e-09
5865.00,3.47712e-09
5870.00,3.48438e-09
5875.00,3.46585e-09
5880.00,3.40550e-09
5885.00,3.28147e-09
5890.00,3.17550e-09
5895.00,3.21700e-09
5900.00,3.34074e-09
5905.00,3.39807e-09
5910.00,3.41643e-09
5915.00,3.42137e-09
5920.00,3.42800e-09
5925.00,3.41861e-09
5930.00,3.39257e-09
5935.00,3.38511e-09
5940.00,3.38289e-09
5945.00,3.37200e-09
5950.00,3.36619e-09
5955.00,3.37497e-09
5960.00,3.38493e-09
5965.00,3.39229e-09
5970.00,3.38822e-09
5975.00,3.36445e-09
5980.00,3.34292e-09
5985.00,3.33102e-09
5990.00,3.35240e-09
5995.00,3.35915e-09
6000.00,3.34302e-09
6005.00,3.32148e-09
6010.00,3.30541e-09
6015.00,3.29092e-09
6020.00,3.27951e-09
6025.00,3.30124e-09
6030.00,3.33393e-09
6035.00,3.35481e-09
6040.00,3.35606e-09
6045.00,3.35376e-09
6050.00,3.34272e-09
6055.00,3.33280e-09
6060.00,3.33885e-09
6065.00,3.33875e-09
6070.00,3.34116e-09
6075.00,3.32389e-09
6080.00,3.30202e-09
6085.00,3.29084e-09
6090.00,3.26945e-09
6095.00,3.24159e-09
6100.00,3.19837e-09
6105.00,3.21665e-09
6110.00,3.25845e-09
6115.00,3.27234e-09
6120.00,3.23952e-09
6125.00,3.22922e-09
6130.00,3.22470e-09
6135.00,3.18347e-09
6140.00,3.18063e-09
6145.00,3.18788e-09
6150.00,3.18885e-09
6155.00,3.16020e-09
6160.00,3.12000e-09
6165.00,3.11261e-09
6170.00,3.14040e-09
6175.00,3.19187e-09
6180.00,3.22376e-09
6185.00,3.23311e-09
6190.00,3.23400e-09
6195.00,3.23804e-09
6200.00,3.25240e-09
6205.00,3.24246e-09
6210.00,3.21257e-09
6215.00,3.18722e-09
6220.00,3.18198e-09
6225.00,3.16507e-09
6230.00,3.15372e-09
6235.00,3.14914e-09
6240.00,3.13352e-09
6245.00,3.12058e-09
6250.00,3.11477e-09
6255.00,3.10254e-09
6260.00,3.11655e-09
6265.00,3.11919e-09
6270.00,3.13532e-09
6275.00,3.09050e-09
6280.00,3.06854e-09
6285.00,3.10765e-09
6290.00,3.12358e-09
6295.00,3.10853e-09
6300.00,3.08125e-09
6305.00,3.09352e-09
6310.00,3.08055e-09
6315.00,3.04917e-09
6320.00,3.07494e-09
6325.00,3.10361e-09
6330.00,3.10097e-09
6335.00,3.07648e-09
6340.00,3.07137e-09
6345.00,3.08130e-09
6350.00,3.07852e-09
6355.00,3.06426e-09
6360.00,3.05553e-09
6365.00,3.07416e-09
6370.00,3.09946e-09
6375.00,3.10241e-09
6380.00,3.09116e-09
6385.00,3.09239e-09
6390.00,3.07177e-09
6395.00,3.04106e-09
6400.00,3.02178e-09
6405.00,3.01665e-09
6410.00,2.99529e-09
6415.00,3.00026e-09
6420.00,3.00644e-09
6425.00,3.02775e-09
6430.00,3.03266e-09
6435.00,3.02236e-09
6440.00,3.02727e-09
6445.00,3.03253e-09
6450.00,3.01559e-09
6455.00,3.00560e-09
6460.00,2.98775e-09
6465.00,2.98078e-09
6470.00,2.98286e-09
6475.00,2.98483e-09
6480.00,2.97862e-09
6485.00,2.95455e-09
6490.00,2.89990e-09
6495.00,2.87042e-09
6500.00,2.93110e-09
6505.00,2.99496e-09
6510.00,3.00936e-09
6515.00,2.98794e-09
6520.00,2.97942e-09
6525.00,2.96625e-09
6530.00,2.95058e-09
6535.00,2.95391e-09
6540.00,2.95414e-09
6545.00,2.90736e-09
6550.00,2.82078e-09
6555.00,2.65805e-09
6560.00,2.45326e-09
6565.00,2.49067e-09
6570.00,2.66716e-09
6575.00,2.80076e-09
6580.00,2.86345e-09
6585.00,2.89034e-09
6590.00,2.88776e-09
6595.00,2.87255e-09
6600.00,2.90228e-09
6605.00,2.92160e-09
6610.00,2.93144e-09
6615.00,2.95059e-09
6620.00,2.93824e-09
6625.00,2.90838e-09
6630.00,2.87226e-09
6635.00,2.85564e-09
6640.00,2.87390e-09
6645.00,2.89068e-09
6650.00,2.91535e-09
6655.00,2.91941e-09
6660.00,2.90867e-09
6665.00,2.90430e-09
6670.00,2.89244e-09
6675.00,2.87521e-09
6680.00,2.88930e-09
6685.00,2.91064e-09
6690.00,2.90932e-09
6695.00,2.88442e-09
6700.00,2.87902e-09
6705.00,2.87711e-09
6710.00,2.86365e-09
6715.00,2.83490e-09
6720.00,2.82856e-09
6725.00,2.84784e-09
6730.00,2.85403e-09
6735.00,2.85674e-09
6740.00,2.85150e-09
6745.00,2.85047e-09
6750.00,2.83267e-09
6755.00,2.83434e-09
6760.00,2.83492e-09
6765.00,2.83683e-09
6770.00,2.83824e-09
6775.00,2.84820e-09
6780.00,2.84620e-09
6785.00,2.84308e-09
6790.00,2.85207e-09
6795.00,2.85281e-09
6800.00,2.85133e-09
6805.00,2.84114e-09
6810.00,2.83393e-09
6815.00,2.83075e-09
6820.00,2.83474e-09
6825.00,2.83784e-09
6830.00,2.83521e-09
6835.00,2.82030e-09
6840.00,2.81659e-09
6845.00,2.80389e-09
6850.00,2.80173e-09
6855.00,2.81063e-09
6860.00,2.82187e-09
6865.00,2.82698e-09
6870.00,2.82208e-09
6875.00,2.80961e-09
6880.00,2.79481e-09
6885.00,2.78333e-09
6890.00,2.77903e-09
6895.00,2.78335e-09
6900.00,2.79356e-09
6905.00,2.80353e-09
6910.00,2.80643e-09
6915.00,2.79879e-09
6920.00,2.78170e-09
6925.00,2.76234e-09
6930.00,2.74841e-09
6935.00,2.74402e-09
6940.00,2.74817e-09
6945.00,2.75603e-09
6950.00,2.76257e-09
6955.00,2.76521e-09
6960.00,2.76332e-09
6965.00,2.75904e-09
6970.00,2.75152e-09
6975.00,2.71691e-09
6980.00,2.70665e-09
6985.00,2.72291e-09
6990.00,2.74126e-09
6995.00,2.74064e-09
7000.00,2.71327e-09
7005.00,2.69129e-09
7010.00,2.68450e-09
7015.00,2.66971e-09
7020.00,2.65835e-09
7025.00,2.66452e-09
7030.00,2.66355e-09
7035.00,2.65000e-09
7040.00,2.66734e-09
7045.00,2.69268e-09
7050.00,2.68987e-09
7055.00,2.67882e-09
7060.00,2.67735e-09
7065.00,2.66436e-09
7070.00,2.67251e-09
7075.00,2.68346e-09
7080.00,2.67312e-09
7085.00,2.65457e-09
7090.00,2.64382e-09
7095.00,2.65060e-09
7100.00,2.66028e-09
7105.00,2.65011e-09
7110.00,2.63359e-09
7115.00,2.63391e-09
7120.00,2.62421e-09
7125.00,2.62453e-09
7130.00,2.63757e-09
7135.00,2.67390e-09
7140.00,2.67935e-09
7145.00,2.65888e-09
7150.00,2.64722e-09
7155.00,2.65362e-09
7160.00,2.61980e-09
7165.00,2.57612e-09
7170.00,2.56140e-09
7175.00,2.53678e-09
7180.00,2.49911e-09
7185.00,2.46639e-09
7190.00,2.48665e-09
7195.00,2.51116e-09
7200.00,2.54148e-09
7205.00,2.56359e-09
7210.00,2.60659e-09
7215.00,2.61868e-09
7220.00,2.61851e-09
7225.00,2.62604e-09
7230.00,2.60265e-09
7235.00,2.57905e-09
7240.00,2.55515e-09
7245.00,2.54632e-09
7250.00,2.53635e-09
7255.00,2.55203e-09
7260.00,2.55713e-09
7265.00,2.55934e-09
7270.00,2.53782e-09
7275.00,2.50028e-09
7280.00,2.49852e-09
7285.00,2.49105e-09
7290.00,2.51962e-09
7295.00,2.58784e-09
7300.00,2.60152e-09
7305.00,2.58810e-09
7310.00,2.56378e-09
7315.00,2.53727e-09
7320.00,2.53185e-09
7325.00,2.54905e-09
7330.00,2.58363e-09
7335.00,2.61346e-09
7340.00,2.61183e-09
7345.00,2.59203e-09
7350.00,2.56582e-09
7355.00,2.56066e-09
7360.00,2.56366e-09
7365.00,2.57670e-09
7370.00,2.58034e-09
7375.00,2.57501e-09
7380.00,2.55820e-09
7385.00,2.53362e-09
7390.00,2.53714e-09
7395.00,2.53566e-09
7400.00,2.52179e-09
7405.00,2.50540e-09
7410.00,2.50932e-09
7415.00,2.53748e-09
7420.00,2.56485e-09
7425.00,2.59183e-09
7430.00,2.59155e-09
7435.00,2.56482e-09
7440.00,2.52932e-09
7445.00,2.50938e-09
7450.00,2.52599e-09
7455.00,2.53631e-09
7460.00,2.54275e-09
7465.00,2.55180e-09
7470.00,2.54002e-09
7475.00,2.51647e-09
7480.00,2.49832e-09
7485.00,2.49114e-09
7490.00,2.48433e-09
7495.00,2.49771e-09
7500.00,2.50760e-09
7505.00,2.49730e-09
7510.00,2.49267e-09
7515.00,2.49461e-09
7520.00,2.47693e-09
7525.00,2.45734e-09
7530.00,2.44439e-09
7535.00,2.44369e-09
7540.00,2.44779e-09
7545.00,2.45540e-09
7550.00,2.46156e-09
7555.00,2.45340e-09
7560.00,2.43989e-09
7565.00,2.43749e-09
7570.00,2.45495e-09
7575.00,2.48196e-09
7580.00,2.49111e-09
7585.00,2.45782e-09
7590.00,2.38476e-09
7595.00,2.30517e-09
7600.00,2.26066e-09
7605.00,2.27117e-09
7610.00,2.32123e-09
7615.00,2.37173e-09
7620.00,2.38995e-09
7625.00,2.37300e-09
7630.00,2.34396e-09
7635.00,2.32840e-09
7640.00,2.33268e-09
7645.00,2.34117e-09
7650.00,2.33431e-09
7655.00,2.31040e-09
7660.00,2.28924e-09
7665.00,2.29581e-09
7670.00,2.33882e-09
7675.00,2.40113e-09
7680.00,2.45063e-09
7685.00,2.46224e-09
7690.00,2.43383e-09
7695.00,2.38623e-09
7700.00,2.34775e-09
7705.00,2.33606e-09
7710.00,2.35062e-09
7715.00,2.37657e-09
7720.00,2.39697e-09
7725.00,2.40349e-09
7730.00,2.39910e-09
7735.00,2.38551e-09
7740.00,2.35662e-09
7745.00,2.33626e-09
7750.00,2.33899e-09
7755.00,2.34306e-09
7760.00,2.34258e-09
7765.00,2.33893e-09
7770.00,2.32311e-09
7775.00,2.32332e-09
7780.00,2.34388e-09
7785.00,2.35760e-09
7790.00,2.36689e-09
7795.00,2.36166e-09
7800.00,2.35003e-09
7805.00,2.33156e-09
7810.00,2.31452e-09
7815.00,2.31160e-09
7820.00,2.32006e-09
7825.00,2.32652e-09
7830.00,2.31960e-09
7835.00,2.30702e-09
7840.00,2.28808e-09
7845.00,2.26370e-09
7850.00,2.26193e-09
7855.00,2.28486e-09
7860.00,2.31243e-09
7865.00,2.32171e-09
7870.00,2.29977e-09
7875.00,2.25899e-09
7880.00,2.22438e-09
7885.00,2.20602e-09
7890.00,2.20700e-09
7895.00,2.22699e-09
7900.00,2.25517e-09
7905.00,2.27009e-09
7910.00,2.26419e-09
7915.00,2.25580e-09
7920.00,2.23908e-09
7925.00,2.22088e-09
7930.00,2.20008e-09
7935.00,2.19895e-09
7940.00,2.20128e-09
7945.00,2.21704e-09
7950.00,2.23169e-09
7955.00,2.22400e-09
7960.00,2.20875e-09
7965.00,2.19835e-09
7970.00,2.19057e-09
7975.00,2.18661e-09
7980.00,2.18112e-09
7985.00,2.18335e-09
7990.00,2.16972e-09
7995.00,2.15548e-09
8000.00,2.19094e-09
8005.00,2.20477e-09
8010.00,2.20516e-09
8015.00,2.20511e-09
8020.00,2.19292e-09
8025.00,2.17572e-09
8030.00,2.19347e-09
8035.00,2.19174e-09
8040.00,2.17406e-09
8045.00,2.15837e-09
8050.00,2.17713e-09
8055.00,2.19349e-09
8060.00,2.19293e-09
8065.00,2.18478e-09
8070.00,2.17907e-09
8075.00,2.16982e-09
8080.00,2.16543e-09
8085.00,2.15460e-09
8090.00,2.16031e-09
8095.00,2.15643e-09
8100.00,2.17706e-09
8105.00,2.18910e-09
8110.00,2.18730e-09
8115.00,2.19013e-09
8120.00,2.18962e-09
8125.00,2.18472e-09
8130.00,2.15915e-09
8135.00,2.15295e-09
8140.00,2.14785e-09
8145.00,2.12219e-09
8150.00,2.09925e-09
8155.00,2.08932e-09
8160.00,2.05470e-09
8165.00,2.06360e-09
8170.00,2.09719e-09
8175.00,2.06474e-09
8180.00,2.05920e-09
8185.00,2.07536e-09
8190.00,2.05971e-09
8195.00,2.06038e-09
8200.00,2.12281e-09
8205.00,2.15815e-09
8210.00,2.13648e-09
8215.00,2.10953e-09
8220.00,2.06451e-09
8225.00,1.97755e-09
8230.00,1.98587e-09
8235.00,2.08506e-09
8240.00,2.12089e-09
8245.00,2.12752e-09
8250.00,2.12978e-09
8255.00,2.11179e-09
8260.00,2.12648e-09
8265.00,2.12765e-09
8270.00,2.08606e-09
8275.00,2.05501e-09
8280.00,2.05973e-09
8285.00,2.05573e-09
8290.00,2.04291e-09
8295.00,2.06002e-09
8300.00,2.04928e-09
8305.00,2.04505e-09
8310.00,2.04529e-09
8315.00,2.03761e-09
8320.00,2.02079e-09
8325.00,2.02129e-09
8330.00,2.01114e-09
8335.00,2.00314e-09
8340.00,2.01820e-09
8345.00,2.03106e-09
8350.00,2.05190e-09
8355.00,2.04525e-09
8360.00,2.03947e-09
8365.00,2.04559e-09
8370.00,2.04505e-09
8375.00,2.03675e-09
8380.00,2.03080e-09
8385.00,2.01361e-09
8390.00,2.02717e-09
8395.00,2.02794e-09
8400.00,2.01945e-09
8405.00,2.01409e-09
8410.00,2.00773e-09
8415.00,1.99860e-09
8420.00,1.99423e-09
8425.00,1.99032e-09
8430.00,1.98290e-09
8435.00,1.97281e-09
8440.00,1.97574e-09
8445.00,1.98253e-09
8450.00,2.00169e-09
8455.00,1.99321e-09
8460.00,1.97671e-09
8465.00,1.95939e-09
8470.00,1.96261e-09
8475.00,1.98050e-09
8480.00,1.98903e-09
8485.00,1.97789e-09
8490.00,1.91317e-09
8495.00,1.81910e-09
8500.00,1.87110e-09
8505.00,1.92829e-09
8510.00,1.92750e-09
8515.00,1.92968e-09
8520.00,1.93445e-09
8525.00,1.90227e-09
8530.00,1.84237e-09
8535.00,1.69692e-09
8540.00,1.58270e-09
8545.00,1.74387e-09
8550.00,1.85537e-09
8555.00,1.89887e-09
8560.00,1.92274e-09
8565.00,1.93272e-09
8570.00,1.92328e-09
8575.00,1.92653e-09
8580.00,1.91324e-09
8585.00,1.91855e-09
8590.00,1.90772e-09
8595.00,1.89844e-09
8600.00,1.90727e-09
8605.00,1.90486e-09
8610.00,1.89069e-09
8615.00,1.89252e-09
8620.00,1.90271e-09
8625.00,1.91358e-09
8630.00,1.91348e-09
8635.00,1.91493e-09
8640.00,1.89896e-09
8645.00,1.87236e-09
8650.00,1.82929e-09
8655.00,1.70630e-09
8660.00,1.61146e-09
8665.00,1.71716e-09
8670.00,1.81202e-09
8675.00,1.85165e-09
8680.00,1.86326e-09
8685.00,1.85199e-09
8690.00,1.87611e-09
8695.00,1.89039e-09
8700.00,1.89899e-09
8705.00,1.89836e-09
8710.00,1.89053e-09
8715.00,1.89380e-09
8720.00,1.89432e-09
8725.00,1.87467e-09
8730.00,1.85811e-09
8735.00,1.85082e-09
8740.00,1.84869e-09
8745.00,1.84226e-09
8750.00,1.83278e-09
8755.00,1.83492e-09
8760.00,1.85105e-09
8765.00,1.85820e-09
8770.00,1.85599e-09
8775.00,1.86585e-09
8780.00,1.87021e-09
8785.00,1.84847e-09
8790.00,1.83073e-09
8795.00,1.83719e-09
8800.00,1.81698e-09
8805.00,1.79686e-09
8810.00,1.83045e-09
8815.00,1.84193e-09
8820.00,1.82223e-09
8825.00,1.82793e-09
8830.00,1.84229e-09
8835.00,1.84228e-09
8840.00,1.82464e-09
8845.00,1.82702e-09
8850.00,1.81829e-09
8855.00,1.79107e-09
8860.00,1.76750e-09
8865.00,1.76844e-09
8870.00,1.79664e-09
8875.00,1.80713e-09
8880.00,1.81138e-09
8885.00,1.81288e-09
8890.00,1.81528e-09
8895.00,1.81259e-09
8900.00,1.82119e-09
8905.00,1.82031e-09
8910.00,1.80743e-09
8915.00,1.81740e-09
8920.00,1.80905e-09
8925.00,1.79999e-09
8930.00,1.82071e-09
8935.00,1.83662e-09
8940.00,1.82075e-09
8945.00,1.80389e-09
8950.00,1.79929e-09
8955.00,1.79818e-09
8960.00,1.77301e-09
8965.00,1.75804e-09
8970.00,1.75678e-09
8975.00,1.76373e-09
8980.00,1.73938e-09
8985.00,1.66567e-09
8990.00,1.65495e-09
8995.00,1.68773e-09
9000.00,1.66668e-09
9005.00,1.66226e-09
9010.00,1.65132e-09
9015.00,1.64927e-09
9020.00,1.69894e-09
9025.00,1.74503e-09
9030.00,1.81208e-09
9035.00,1.84999e-09
9040.00,1.85879e-09
9045.00,1.84921e-09
9050.00,1.82936e-09
9055.00,1.80823e-09
9060.00,1.75413e-09
9065.00,1.73815e-09
9070.00,1.70194e-09
9075.00,1.68286e-09
9080.00,1.66106e-09
9085.00,1.64255e-09
9090.00,1.67124e-09
9095.00,1.68984e-09
9100.00,1.70018e-09
9105.00,1.72040e-09
9110.00,1.74166e-09
9115.00,1.72208e-09
9120.00,1.75131e-09
9125.00,1.73448e-09
9130.00,1.68151e-09
9135.00,1.68414e-09
9140.00,1.72931e-09
9145.00,1.72356e-09
9150.00,1.65214e-09
9155.00,1.64617e-09
9160.00,1.70399e-09
9165.00,1.71481e-09
9170.00,1.64804e-09
9175.00,1.65029e-09
9180.00,1.68891e-09
9185.00,1.72451e-09
9190.00,1.73474e-09
9195.00,1.73005e-09
9200.00,1.74416e-09
9205.00,1.71374e-09
9210.00,1.67857e-09
9215.00,1.66910e-09
9220.00,1.67107e-09
9225.00,1.65802e-09
9230.00,1.66727e-09
9235.00,1.67865e-09
9240.00,1.69219e-09
9245.00,1.70090e-09
9250.00,1.71823e-09
9255.00,1.72573e-09
9260.00,1.76355e-09
9265.00,1.80392e-09
9270.00,1.79997e-09
9275.00,1.75743e-09
9280.00,1.76743e-09
9285.00,1.77325e-09
9290.00,1.75572e-09
9295.00,1.71939e-09
9300.00,1.69822e-09
9305.00,1.66095e-09
9310.00,1.60450e-09
9315.00,1.51862e-09
9320.00,1.50928e-09
9325.00,1.47433e-09
9330.00,1.45993e-09
9335.00,1.37475e-09
9340.00,1.31411e-09
9345.00,1.38556e-09
9350.00,1.47908e-09
9355.00,1.43114e-09
9360.00,1.53418e-09
9365.00,1.50468e-09
9370.00,1.49442e-09
9375.00,1.53680e-09
9380.00,1.59528e-09
9385.00,1.72452e-09
9390.00,1.86268e-09
9395.00,1.88732e-09
9400.00,1.81940e-09
9405.00,1.75314e-09
9410.00,1.68584e-09
9415.00,1.70572e-09
9420.00,1.68218e-09
9425.00,1.55260e-09
9430.00,1.53674e-09
9435.00,1.51629e-09
9440.00,1.43265e-09
9445.00,1.55025e-09
9450.00,1.58573e-09
9455.00,1.50499e-09
9460.00,1.49459e-09
9465.00,1.61820e-09
9470.00,1.64458e-09
9475.00,1.60643e-09
9480.00,1.58082e-09
9485.00,1.67278e-09
9490.00,1.63631e-09
9495.00,1.50011e-09
9500.00,1.51903e-09
9505.00,1.66775e-09
9510.00,1.71724e-09
9515.00,1.56213e-09
9520.00,1.48660e-09
9525.00,1.53954e-09
9530.00,1.59090e-09
9535.00,1.58996e-09
9540.00,1.56320e-09
9545.00,1.48196e-09
9550.00,1.49347e-09
9555.00,1.49645e-09
9560.00,1.52431e-09
9565.00,1.51946e-09
9570.00,1.60235e-09
9575.00,1.61297e-09
9580.00,1.58158e-09
9585.00,1.55689e-09
9590.00,1.48438e-09
9595.00,1.52729e-09
9600.00,1.56180e-09
9605.00,1.52372e-09
9610.00,1.53014e-09
9615.00,1.48951e-09
9620.00,1.47273e-09
9625.00,1.48611e-09
9630.00,1.50474e-09
9635.00,1.48544e-09
9640.00,1.47537e-09
9645.00,1.46577e-09
9650.00,1.48484e-09
9655.00,1.47102e-09
9660.00,1.46371e-09
9665.00,1.48712e-09
9670.00,1.52027e-09
9675.00,1.55002e-09
9680.00,1.55278e-09
9685.00,1.55477e-09
9690.00,1.56057e-09
9695.00,1.56479e-09
9700.00,1.55978e-09
9705.00,1.55510e-09
9710.00,1.54300e-09
9715.00,1.52686e-09
9720.00,1.51049e-09
9725.00,1.49844e-09
9730.00,1.47984e-09
9735.00,1.45815e-09
9740.00,1.44698e-09
9745.00,1.43639e-09
9750.00,1.42322e-09
9755.00,1.40955e-09
9760.00,1.40586e-09
9765.00,1.43404e-09
9770.00,1.42587e-09
9775.00,1.41484e-09
9780.00,1.40861e-09
9785.00,1.41564e-09
9790.00,1.43873e-09
9795.00,1.44153e-09
9800.00,1.44710e-09
9805.00,1.44209e-09
9810.00,1.44053e-09
9815.00,1.43843e-09
9820.00,1.42508e-09
9825.00,1.42803e-09
9830.00,1.43550e-09
9835.00,1.43647e-09
9840.00,1.42758e-09
9845.00,1.42534e-09
9850.00,1.43419e-09
9855.00,1.41871e-09
9860.00,1.41616e-09
9865.00,1.43022e-09
9870.00,1.43453e-09
9875.00,1.42520e-09
9880.00,1.43051e-09
9885.00,1.43215e-09
9890.00,1.42799e-09
9895.00,1.42041e-09
9900.00,1.40846e-09
9905.00,1.41582e-09
9910.00,1.40924e-09
9915.00,1.41597e-09
9920.00,1.42439e-09
9925.00,1.40612e-09
9930.00,1.41277e-09
9935.00,1.43025e-09
9940.00,1.42618e-09
9945.00,1.40103e-09
9950.00,1.40292e-09
9955.00,1.41316e-09
9960.00,1.41193e-09
9965.00,1.40843e-09
9970.00,1.42131e-09
9975.00,1.39076e-09
9980.00,1.40421e-09
9985.00,1.40647e-09
9990.00,1.39005e-09
9995.00,1.37686e-09
10000.0,1.39106e-09
10005.0,1.40925e-09
10010.0,1.39998e-09
10015.0,1.37975e-09
10020.0,1.39564e-09
10025.0,1.42099e-09
10030.0,1.39791e-09
10035.0,1.35667e-09
10040.0,1.33652e-09
10045.0,1.28466e-09
10050.0,1.30755e-09
10055.0,1.33033e-09
10060.0,1.32242e-09
10065.0,1.32205e-09
10070.0,1.33684e-09
10075.0,1.36304e-09
10080.0,1.33781e-09
10085.0,1.34415e-09
10090.0,1.37123e-09
10095.0,1.37483e-09
10100.0,1.34621e-09
10105.0,1.30777e-09
10110.0,1.33986e-09
10115.0,1.34774e-09
10120.0,1.34424e-09
10125.0,1.33881e-09
10130.0,1.33316e-09
10135.0,1.33193e-09
10140.0,1.32959e-09
10145.0,1.32724e-09
10150.0,1.31759e-09
10155.0,1.34000e-09
10160.0,1.35122e-09
10165.0,1.32533e-09
10170.0,1.30637e-09
10175.0,1.30819e-09
10180.0,1.27184e-09
10185.0,1.25922e-09
10190.0,1.25252e-09
10195.0,1.24840e-09
10200.0,1.24886e-09
10205.0,1.25464e-09
10210.0,1.26306e-09
10215.0,1.27015e-09
10220.0,1.27199e-09
10225.0,1.26631e-09
10230.0,1.25521e-09
10235.0,1.24248e-09
10240.0,1.23197e-09
10245.0,1.22660e-09
10250.0,1.22695e-09
10255.0,1.23266e-09
10260.0,1.24325e-09
10265.0,1.25765e-09
10270.0,1.27341e-09
10275.0,1.28750e-09
10280.0,1.29693e-09
10285.0,1.29969e-09
10290.0,1.29629e-09
10295.0,1.28817e-09
10300.0,1.27896e-09
10305.0,1.27915e-09
10310.0,1.27355e-09
10315.0,1.26786e-09
10320.0,1.26438e-09
10325.0,1.26367e-09
10330.0,1.26521e-09
10335.0,1.26804e-09
10340.0,1.27119e-09
10345.0,1.27390e-09
10350.0,1.27591e-09
10355.0,1.27715e-09
10360.0,1.27759e-09
10365.0,1.27721e-09
10370.0,1.27610e-09
10375.0,1.27435e-09
10380.0,1.27207e-09
10385.0,1.26950e-09
10390.0,1.26715e-09
10395.0,1.26565e-09
10400.0,1.26561e-09
10405.0,1.26728e-09
10410.0,1.26996e-09
10415.0,1.27263e-09
10420.0,1.27424e-09
10425.0,1.27411e-09
10430.0,1.27250e-09
10435.0,1.26999e-09
10440.0,1.26723e-09
10445.0,1.26461e-09
10450.0,1.26193e-09
10455.0,1.25879e-09
10460.0,1.25481e-09
10465.0,1.25006e-09
10470.0,1.24579e-09
10475.0,1.24370e-09
10480.0,1.24546e-09
10485.0,1.25161e-09
10490.0,1.25992e-09
10495.0,1.26702e-09
10500.0,1.26961e-09
10505.0,1.26571e-09
10510.0,1.25684e-09
10515.0,1.24585e-09
10520.0,1.23565e-09
10525.0,1.22838e-09
10530.0,1.22409e-09
10535.0,1.22206e-09
10540.0,1.22149e-09
10545.0,1.22163e-09
10550.0,1.22177e-09
10555.0,1.22128e-09
10560.0,1.21953e-09
10565.0,1.21621e-09
10570.0,1.21184e-09
10575.0,1.20728e-09
10580.0,1.20334e-09
10585.0,1.20069e-09
10590.0,1.19941e-09
10595.0,1.19940e-09
10600.0,1.20053e-09
10605.0,1.20265e-09
10610.0,1.20552e-09
10615.0,1.20890e-09
10620.0,1.21044e-09
10625.0,1.20088e-09
10630.0,1.19796e-09
10635.0,1.19650e-09
10640.0,1.19504e-09
10645.0,1.19358e-09
10650.0,1.19212e-09
10655.0,1.19066e-09
10660.0,1.18920e-09
10665.0,1.18775e-09
10670.0,1.18630e-09
10675.0,1.18485e-09
10680.0,1.18340e-09
10685.0,1.18195e-09
10690.0,1.18051e-09
10695.0,1.17906e-09
10700.0,1.17762e-09
10705.0,1.17618e-09
10710.0,1.17474e-09
10715.0,1.17330e-09
10720.0,1.17187e-09
10725.0,1.17043e-09
10730.0,1.16900e-09
10735.0,1.16757e-09
10740.0,1.16614e-09
10745.0,1.16471e-09
10750.0,1.16329e-09
10755.0,1.16186e-09
10760.0,1.16044e-09
10765.0,1.15902e-09
10770.0,1.15760e-09
10775.0,1.15619e-09
10780.0,1.15477e-09
10785.0,1.15336e-09
10790.0,1.15194e-09
10795.0,1.15053e-09
10800.0,1.14912e-09
10805.0,1.14772e-09
10810.0,1.14631e-09
10815.0,1.14491e-09
10820.0,1.14351e-09
10825.0,1.14211e-09
10830.0,1.14071e-09
10835.0,1.13931e-09
10840.0,1.13791e-09
10845.0,1.13652e-09
10850.0,1.13513e-09
10855.0,1.13374e-09
10860.0,1.13235e-09
10865.0,1.13096e-09
10870.0,1.12958e-09
10875.0,1.12819e-09
10880.0,1.12681e-09
10885.0,1.12543e-09
10890.0,1.12405e-09
10895.0,1.12267e-09
10900.0,1.12130e-09
10905.0,1.11993e-09
10910.0,1.11855e-09
10915.0,1.11718e-09
10920.0,1.11582e-09
10925.0,1.11445e-09
10930.0,1.11308e-09
10935.0,1.11172e-09
10940.0,1.11035e-09
10945.0,1.10899e-09
10950.0,1.10763e-09
10955.0,1.10628e-09
10960.0,1.10492e-09
10965.0,1.10357e-09
10970.0,1.10222e-09
10975.0,1.10087e-09
10980.0,1.09952e-09
10985.0,1.09817e-09
10990.0,1.09683e-09
10995.0,1.09548e-09
11000.0,1.09414e-09
11005.0,1.09280e-09
11010.0,1.09146e-09
11015.0,1.09012e-09
11020.0,1.08879e-09
11025.0,1.08745e-09
11030.0,1.08612e-09
11035.0,1.08479e-09
11040.0,1.08346e-09
11045.0,1.08214e-09
11050.0,1.08081e-09
11055.0,1.07949e-09
11060.0,1.07817e-09
11065.0,1.07685e-09
11070.0,1.07553e-09
11075.0,1.07421e-09
11080.0,1.07289e-09
11085.0,1.07158e-09
11090.0,1.07027e-09
11095.0,1.06896e-09
11100.0,1.06765e-09
11105.0,1.06634e-09
11110.0,1.06504e-09
11115.0,1.06373e-09
11120.0,1.06243e-09
11125.0,1.06113e-09
11130.0,1.05983e-09
11135.0,1.05853e-09
11140.0,1.05724e-09
11145.0,1.05595e-09
11150.0,1.05465e-09
11155.0,1.05336e-09
11160.0,1.05207e-09
11165.0,1.05079e-09
11170.0,1.04950e-09
11175.0,1.04822e-09
11180.0,1.04693e-09
11185.0,1.04565e-09
11190.0,1.04437e-09
11195.0,1.04310e-09
11200.0,1.04182e-09
11205.0,1.04055e-09
11210.0,1.03927e-09
11215.0,1.03800e-09
11220.0,1.03674e-09
11225.0,1.03547e-09
11230.0,1.03420e-09
11235.0,1.03294e-09
11240.0,1.03167e-09
11245.0,1.03041e-09
11250.0,1.02915e-09
11255.0,1.02790e-09
11260.0,1.02664e-09
11265.0,1.02539e-09
11270.0,1.02413e-09
11275.0,1.02289e-09
11280.0,1.02163e-09
11285.0,1.02039e-09
11290.0,1.01914e-09
11295.0,1.01790e-09
11300.0,1.01665e-09
11305.0,1.01541e-09
11310.0,1.01417e-09
11315.0,1.01293e-09
11320.0,1.01170e-09
11325.0,1.01047e-09
11330.0,1.00923e-09
11335.0,1.00800e-09
11340.0,1.00677e-09
11345.0,1.00554e-09
11350.0,1.00432e-09
11355.0,1.00309e-09
11360.0,1.00187e-09
11365.0,1.00065e-09
11370.0,9.99431e-10
11375.0,9.98213e-10
11380.0,9.96996e-10
11385.0,9.95780e-10
11390.0,9.94568e-10
11395.0,9.93354e-10
11400.0,9.92145e-10
11405.0,9.90937e-10
11410.0,9.89732e-10
11415.0,9.88526e-10
11420.0,9.87324e-10
11425.0,9.86122e-10
11430.0,9.84923e-10
11435.0,9.83725e-10
11440.0,9.82528e-10
11445.0,9.81333e-10
11450.0,9.80141e-10
11455.0,9.78950e-10
11460.0,9.77759e-10
11465.0,9.76572e-10
11470.0,9.75383e-10
11475.0,9.74199e-10
11480.0,9.73016e-10
11485.0,9.71832e-10
11490.0,9.70652e-10
11495.0,9.69475e-10
11500.0,9.68298e-10
11505.0,9.67122e-10
11510.0,9.65949e-10
11515.0,9.64775e-10
11520.0,9.63605e-10
11525.0,9.62436e-10
11530.0,9.61271e-10
11535.0,9.60105e-10
11540.0,9.58941e-10
11545.0,9.57779e-10
11550.0,9.56618e-10
11555.0,9.55460e-10
11560.0,9.54304e-10
11565.0,9.53147e-10
11570.0,9.51993e-10
11575.0,9.50842e-10
11580.0,9.49690e-10
11585.0,9.48542e-10
11590.0,9.47393e-10
11595.0,9.46248e-10
11600.0,9.45106e-10
11605.0,9.43962e-10
11610.0,9.42819e-10
11615.0,9.41680e-10
11620.0,9.40542e-10
11625.0,9.39409e-10
11630.0,9.38272e-10
11635.0,9.37141e-10
11640.0,9.36009e-10
11645.0,9.34878e-10
11650.0,9.33752e-10
11655.0,9.32627e-10
11660.0,9.31503e-10
11665.0,9.30380e-10
11670.0,9.29256e-10
11675.0,9.28139e-10
11680.0,9.27019e-10
11685.0,9.25903e-10
11690.0,9.24788e-10
11695.0,9.23676e-10
11700.0,9.22564e-10
11705.0,9.21455e-10
11710.0,9.20346e-10
11715.0,9.19238e-10
11720.0,9.18132e-10
11725.0,9.17028e-10
11730.0,9.15928e-10
11735.0,9.14828e-10
11740.0,9.13728e-10
11745.0,9.12632e-10
11750.0,9.11538e-10
11755.0,9.10443e-10
11760.0,9.09353e-10
11765.0,9.08264e-10
11770.0,9.07174e-10
11775.0,9.06086e-10
11780.0,9.05002e-10
11785.0,9.03916e-10
11790.0,9.02835e-10
11795.0,9.01754e-10
11800.0,9.00677e-10
11805.0,8.99598e-10
11810.0,8.98522e-10
11815.0,8.97450e-10
11820.0,8.96376e-10
11825.0,8.95304e-10
11830.0,8.94235e-10
11835.0,8.93169e-10
11840.0,8.92101e-10
11845.0,8.91037e-10
11850.0,8.89975e-10
11855.0,8.88914e-10
11860.0,8.87855e-10
11865.0,8.86797e-10
11870.0,8.85740e-10
11875.0,8.84685e-10
11880.0,8.83634e-10
11885.0,8.82581e-10
11890.0,8.81532e-10
11895.0,8.80483e-10
11900.0,8.79437e-10
11905.0,8.78390e-10
11910.0,8.77348e-10
11915.0,8.76306e-10
11920.0,8.75266e-10
11925.0,8.74227e-10
11930.0,8.73191e-10
11935.0,8.72156e-10
11940.0,8.71124e-10
11945.0,8.70092e-10
11950.0,8.69060e-10
11955.0,8.68031e-10
11960.0,8.67005e-10
11965.0,8.65978e-10
11970.0,8.64954e-10
11975.0,8.63931e-10
11980.0,8.62914e-10
11985.0,8.61895e-10
11990.0,8.60876e-10
11995.0,8.59861e-10
12000.0,8.58846e-10
12005.0,8.57833e-10
12010.0,8.56824e-10
12015.0,8.55814e-10
12020.0,8.54806e-10
12025.0,8.53798e-10
12030.0,8.52796e-10
12035.0,8.51793e-10
12040.0,8.50790e-10
12045.0,8.49791e-10
12050.0,8.48793e-10
12055.0,8.47795e-10
12060.0,8.46803e-10
12065.0,8.45809e-10
12070.0,8.44817e-10
12075.0,8.43827e-10
12080.0,8.42841e-10
12085.0,8.41852e-10
12090.0,8.40869e-10
12095.0,8.39882e-10
12100.0,8.38900e-10
12105.0,8.37922e-10
12110.0,8.36944e-10
12115.0,8.35967e-10
12120.0,8.34988e-10
12125.0,8.34016e-10
12130.0,8.33044e-10
12135.0,8.32073e-10
12140.0,8.31106e-10
12145.0,8.30138e-10
12150.0,8.29169e-10
12155.0,8.28205e-10
12160.0,8.27244e-10
12165.0,8.26283e-10
12170.0,8.25323e-10
12175.0,8.24366e-10
12180.0,8.23408e-10
12185.0,8.22455e-10
12190.0,8.21500e-10
12195.0,8.20550e-10
12200.0,8.19602e-10
12205.0,8.18650e-10
12210.0,8.17704e-10
12215.0,8.16762e-10
12220.0,8.15819e-10
12225.0,8.14877e-10
12230.0,8.13937e-10
12235.0,8.12998e-10
12240.0,8.12060e-10
12245.0,8.11126e-10
12250.0,8.10192e-10
12255.0,8.09259e-10
12260.0,8.08326e-10
12265.0,8.07398e-10
12270.0,8.06473e-10
12275.0,8.05545e-10
12280.0,8.04621e-10
12285.0,8.03698e-10
12290.0,8.02776e-10
12295.0,8.01855e-10
12300.0,8.00938e-10
12305.0,8.00023e-10
12310.0,7.99111e-10
12315.0,7.98197e-10
12320.0,7.97281e-10
12325.0,7.96371e-10
12330.0,7.95464e-10
12335.0,7.94558e-10
12340.0,7.93652e-10
12345.0,7.92749e-10
12350.0,7.91845e-10
12355.0,7.90945e-10
12360.0,7.90046e-10
12365.0,7.89149e-10
12370.0,7.88253e-10
12375.0,7.87358e-10
12380.0,7.86465e-10
12385.0,7.85574e-10
12390.0,7.84682e-10
12395.0,7.83795e-10
12400.0,7.82906e-10
12405.0,7.82021e-10
12410.0,7.81138e-10
12415.0,7.80253e-10
12420.0,7.79374e-10
12425.0,7.78495e-10
12430.0,7.77616e-10
12435.0,7.76740e-10
12440.0,7.75868e-10
12445.0,7.74993e-10
12450.0,7.74122e-10
12455.0,7.73251e-10
12460.0,7.72383e-10
12465.0,7.71517e-10
12470.0,7.70649e-10
12475.0,7.69785e-10
12480.0,7.68921e-10
12485.0,7.68062e-10
12490.0,7.67201e-10
12495.0,7.66344e-10
12500.0,7.65488e-10
12505.0,7.64633e-10
12510.0,7.63780e-10
12515.0,7.62925e-10
12520.0,7.62073e-10
12525.0,7.61224e-10
12530.0,7.60378e-10
12535.0,7.59534e-10
12540.0,7.58688e-10
12545.0,7.57845e-10
12550.0,7.57003e-10
12555.0,7.56161e-10
12560.0,7.55322e-10
12565.0,7.54484e-10
12570.0,7.53649e-10
12575.0,7.52815e-10
12580.0,7.51983e-10
12585.0,7.51152e-10
12590.0,7.50321e-10
12595.0,7.49493e-10
12600.0,7.48665e-10
12605.0,7.47837e-10
12610.0,7.47014e-10
12615.0,7.46193e-10
12620.0,7.45371e-10
12625.0,7.44551e-10
12630.0,7.43733e-10
12635.0,7.42915e-10
12640.0,7.42098e-10
12645.0,7.41284e-10
12650.0,7.40471e-10
12655.0,7.39660e-10
12660.0,7.38851e-10
12665.0,7.38044e-10
12670.0,7.37236e-10
12675.0,7.36430e-10
12680.0,7.35627e-10
12685.0,7.34826e-10
12690.0,7.34022e-10
12695.0,7.33224e-10
12700.0,7.32425e-10
12705.0,7.31627e-10
12710.0,7.30831e-10
12715.0,7.30039e-10
12720.0,7.29245e-10
12725.0,7.28453e-10
12730.0,7.27664e-10
12735.0,7.26876e-10
12740.0,7.26088e-10
12745.0,7.25303e-10
12750.0,7.24518e-10
12755.0,7.23735e-10
12760.0,7.22953e-10
12765.0,7.22173e-10
12770.0,7.21395e-10
12775.0,7.20619e-10
12780.0,7.19840e-10
12785.0,7.19067e-10
12790.0,7.18293e-10
12795.0,7.17520e-10
12800.0,7.16750e-10
12805.0,7.15982e-10
12810.0,7.15213e-10
12815.0,7.14447e-10
12820.0,7.13684e-10
12825.0,7.12922e-10
12830.0,7.12158e-10
12835.0,7.11394e-10
12840.0,7.10636e-10
12845.0,7.09880e-10
12850.0,7.09122e-10
12855.0,7.08368e-10
12860.0,7.07613e-10
12865.0,7.06861e-10
12870.0,7.06108e-10
12875.0,7.05360e-10
12880.0,7.04612e-10
12885.0,7.03863e-10
12890.0,7.03118e-10
12895.0,7.02372e-10
12900.0,7.01628e-10
12905.0,7.00886e-10
12910.0,7.00146e-10
12915.0,6.99407e-10
12920.0,6.98670e-10
12925.0,6.97932e-10
12930.0,6.97198e-10
12935.0,6.96464e-10
12940.0,6.95730e-10
12945.0,6.94999e-10
12950.0,6.94269e-10
12955.0,6.93542e-10
12960.0,6.92815e-10
12965.0,6.92088e-10
12970.0,6.91364e-10
12975.0,6.90642e-10
12980.0,6.89919e-10
12985.0,6.89198e-10
12990.0,6.88478e-10
12995.0,6.87759e-10
13000.0,6.87044e-10
13005.0,6.86326e-10
13010.0,6.85613e-10
13015.0,6.84901e-10
13020.0,6.84190e-10
13025.0,6.83480e-10
13030.0,6.82771e-10
13035.0,6.82063e-10
13040.0,6.81358e-10
13045.0,6.80653e-10
13050.0,6.79948e-10
13055.0,6.79244e-10
13060.0,6.78543e-10
13065.0,6.77845e-10
13070.0,6.77144e-10
13075.0,6.76448e-10
13080.0,6.75751e-10
13085.0,6.75055e-10
13090.0,6.74363e-10
13095.0,6.73670e-10
13100.0,6.72980e-10
13105.0,6.72289e-10
13110.0,6.71601e-10
13115.0,6.70914e-10
13120.0,6.70228e-10
13125.0,6.69544e-10
13130.0,6.68860e-10
13135.0,6.68175e-10
13140.0,6.67496e-10
13145.0,6.66815e-10
13150.0,6.66138e-10
13155.0,6.65461e-10
13160.0,6.64786e-10
13165.0,6.64110e-10
13170.0,6.63436e-10
13175.0,6.62763e-10
13180.0,6.62094e-10
13185.0,6.61425e-10
13190.0,6.60756e-10
13195.0,6.60086e-10
13200.0,6.59421e-10
13205.0,6.58755e-10
13210.0,6.58092e-10
13215.0,6.57430e-10
13220.0,6.56768e-10
13225.0,6.56109e-10
13230.0,6.55451e-10
13235.0,6.54793e-10
13240.0,6.54137e-10
13245.0,6.53480e-10
13250.0,6.52828e-10
13255.0,6.52173e-10
13260.0,6.51522e-10
13265.0,6.50873e-10
13270.0,6.50222e-10
13275.0,6.49574e-10
13280.0,6.48928e-10
13285.0,6.48283e-10
13290.0,6.47638e-10
13295.0,6.46995e-10
13300.0,6.46354e-10
13305.0,6.45714e-10
13310.0,6.45074e-10
13315.0,6.44435e-10
13320.0,6.43799e-10
13325.0,6.43162e-10
13330.0,6.42525e-10
13335.0,6.41892e-10
13340.0,6.41261e-10
13345.0,6.40630e-10
13350.0,6.39999e-10
13355.0,6.39370e-10
13360.0,6.38742e-10
13365.0,6.38117e-10
13370.0,6.37491e-10
13375.0,6.36865e-10
13380.0,6.36242e-10
13385.0,6.35619e-10
13390.0,6.35000e-10
13395.0,6.34378e-10
13400.0,6.33762e-10
13405.0,6.33144e-10
13410.0,6.32528e-10
13415.0,6.31912e-10
13420.0,6.31297e-10
13425.0,6.30685e-10
13430.0,6.30074e-10
13435.0,6.29462e-10
13440.0,6.28854e-10
13445.0,6.28246e-10
13450.0,6.27637e-10
13455.0,6.27032e-10
13460.0,6.26428e-10
13465.0,6.25825e-10
13470.0,6.25220e-10
13475.0,6.24618e-10
13480.0,6.24017e-10
13485.0,6.23420e-10
13490.0,6.22822e-10
13495.0,6.22226e-10
13500.0,6.21628e-10
13505.0,6.21035e-10
13510.0,6.20440e-10
13515.0,6.19847e-10
13520.0,6.19256e-10
13525.0,6.18666e-10
13530.0,6.18076e-10
13535.0,6.17489e-10
13540.0,6.16900e-10
13545.0,6.16316e-10
13550.0,6.15730e-10
13555.0,6.15147e-10
13560.0,6.14565e-10
13565.0,6.13981e-10
13570.0,6.13402e-10
13575.0,6.12822e-10
13580.0,6.12243e-10
13585.0,6.11667e-10
13590.0,6.11091e-10
13595.0,6.10516e-10
13600.0,6.09941e-10
13605.0,6.09368e-10
13610.0,6.08796e-10
13615.0,6.08227e-10
13620.0,6.07654e-10
13625.0,6.07086e-10
13630.0,6.06521e-10
13635.0,6.05953e-10
13640.0,6.05388e-10
13645.0,6.04822e-10
13650.0,6.04260e-10
13655.0,6.03697e-10
13660.0,6.03135e-10
13665.0,6.02576e-10
13670.0,6.02017e-10
13675.0,6.01458e-10
13680.0,6.00901e-10
13685.0,6.00345e-10
13690.0,5.99793e-10
13695.0,5.99238e-10
13700.0,5.98684e-10
13705.0,5.98132e-10
13710.0,5.97582e-10
13715.0,5.97031e-10
13720.0,5.96482e-10
13725.0,5.95934e-10
13730.0,5.95387e-10
13735.0,5.94841e-10
13740.0,5.94296e-10
13745.0,5.93753e-10
13750.0,5.93210e-10
13755.0,5.92670e-10
13760.0,5.92128e-10
13765.0,5.91591e-10
13770.0,5.91051e-10
13775.0,5.90510e-10
13780.0,5.89975e-10
13785.0,5.89441e-10
13790.0,5.88906e-10
13795.0,5.88372e-10
13800.0,5.87840e-10
13805.0,5.87309e-10
13810.0,5.86779e-10
13815.0,5.86246e-10
13820.0,5.85717e-10
13825.0,5.85192e-10
13830.0,5.84666e-10
13835.0,5.84139e-10
13840.0,5.83616e-10
13845.0,5.83091e-10
13850.0,5.82569e-10
13855.0,5.82048e-10
13860.0,5.81526e-10
13865.0,5.81007e-10
13870.0,5.80489e-10
13875.0,5.79970e-10
13880.0,5.79452e-10
13885.0,5.78938e-10
13890.0,5.78424e-10
13895.0,5.77908e-10
13900.0,5.77394e-10
13905.0,5.76882e-10
13910.0,5.76373e-10
13915.0,5.75860e-10
13920.0,5.75353e-10
13925.0,5.74846e-10
13930.0,5.74338e-10
13935.0,5.73831e-10
13940.0,5.73324e-10
13945.0,5.72820e-10
13950.0,5.72317e-10
13955.0,5.71816e-10
13960.0,5.71313e-10
13965.0,5.70812e-10
13970.0,5.70312e-10
13975.0,5.69815e-10
13980.0,5.69317e-10
13985.0,5.68818e-10
13990.0,5.68321e-10
13995.0,5.67829e-10
14000.0,5.67335e-10
14005.0,5.66843e-10
14010.0,5.66349e-10
14015.0,5.65856e-10
14020.0,5.65368e-10
14025.0,5.64879e-10
14030.0,5.64389e-10
14035.0,5.63900e-10
14040.0,5.63413e-10
14045.0,5.62927e-10
14050.0,5.62441e-10
14055.0,5.61959e-10
14060.0,5.61477e-10
14065.0,5.60995e-10
14070.0,5.60513e-10
14075.0,5.60032e-10
14080.0,5.59552e-10
14085.0,5.59074e-10
14090.0,5.58596e-10
14095.0,5.58120e-10
14100.0,5.57642e-10
14105.0,5.57167e-10
14110.0,5.56692e-10
14115.0,5.56220e-10
14120.0,5.55748e-10
14125.0,5.55275e-10
14130.0,5.54804e-10
14135.0,5.54335e-10
14140.0,5.53866e-10
14145.0,5.53398e-10
14150.0,5.52931e-10
14155.0,5.52463e-10
14160.0,5.51999e-10
14165.0,5.51534e-10
14170.0,5.51071e-10
14175.0,5.50606e-10
14180.0,5.50145e-10
14185.0,5.49681e-10
14190.0,5.49221e-10
14195.0,5.48763e-10
14200.0,5.48304e-10
14205.0,5.47845e-10
14210.0,5.47390e-10
14215.0,5.46932e-10
14220.0,5.46476e-10
14225.0,5.46022e-10
14230.0,5.45568e-10
14235.0,5.45115e-10
14240.0,5.44664e-10
14245.0,5.44212e-10
14250.0,5.43761e-10
14255.0,5.43312e-10
14260.0,5.42862e-10
14265.0,5.42416e-10
14270.0,5.41969e-10
14275.0,5.41523e-10
14280.0,5.41077e-10
14285.0,5.40631e-10
14290.0,5.40189e-10
14295.0,5.39746e-10
14300.0,5.39123e-10
14305.0,5.37169e-10
14310.0,5.33735e-10
14315.0,5.31825e-10
14320.0,5.32818e-10
14325.0,5.36475e-10
14330.0,5.40164e-10
14335.0,5.42411e-10
14340.0,5.43053e-10
14345.0,5.42501e-10
14350.0,5.41292e-10
14355.0,5.40032e-10
14360.0,5.39206e-10
14365.0,5.38782e-10
14370.0,5.38134e-10
14375.0,5.36813e-10
14380.0,5.35009e-10
14385.0,5.33021e-10
14390.0,5.30932e-10
14395.0,5.28838e-10
14400.0,5.27052e-10
14405.0,5.26048e-10
14410.0,5.26107e-10
14415.0,5.27044e-10
14420.0,5.28320e-10
14425.0,5.29439e-10
14430.0,5.30109e-10
14435.0,5.30035e-10
14440.0,5.29259e-10
14445.0,5.27792e-10
14450.0,5.25761e-10
14455.0,5.23608e-10
14460.0,5.22234e-10
14465.0,5.22387e-10
14470.0,5.23937e-10
14475.0,5.26136e-10
14480.0,5.28261e-10
14485.0,5.29866e-10
14490.0,5.30611e-10
14495.0,5.30455e-10
14500.0,5.30116e-10
14505.0,5.20490e-10
14510.0,5.10690e-10
14515.0,5.06975e-10
14520.0,5.09386e-10
14525.0,5.14861e-10
14530.0,5.20641e-10
14535.0,5.25124e-10
14540.0,5.27361e-10
14545.0,5.26538e-10
14550.0,5.22202e-10
14555.0,5.16068e-10
14560.0,5.10561e-10
14565.0,5.07783e-10
14570.0,5.08095e-10
14575.0,5.10536e-10
14580.0,5.13846e-10
14585.0,5.16984e-10
14590.0,5.19161e-10
14595.0,5.19861e-10
14600.0,5.19013e-10
14605.0,5.17186e-10
14610.0,5.15357e-10
14615.0,5.14321e-10
14620.0,5.14267e-10
14625.0,5.14818e-10
14630.0,5.15336e-10
14635.0,5.15228e-10
14640.0,5.14124e-10
14645.0,5.12019e-10
14650.0,5.09330e-10
14655.0,5.06824e-10
14660.0,5.05383e-10
14665.0,5.05625e-10
14670.0,5.07133e-10
14675.0,5.09213e-10
14680.0,5.10882e-10
14685.0,5.11262e-10
14690.0,5.09718e-10
14695.0,5.05977e-10
14700.0,5.00341e-10
14705.0,4.93874e-10
14710.0,4.88872e-10
14715.0,4.88187e-10
14720.0,4.92097e-10
14725.0,4.98727e-10
14730.0,5.05589e-10
14735.0,5.10871e-10
14740.0,5.13605e-10
14745.0,5.13420e-10
14750.0,5.10378e-10
14755.0,5.05117e-10
14760.0,4.99054e-10
14765.0,4.94186e-10
14770.0,4.92124e-10
14775.0,4.92977e-10
14780.0,4.95847e-10
14785.0,4.98688e-10
14790.0,5.00021e-10
14795.0,4.98907e-10
14800.0,4.95302e-10
14805.0,4.90264e-10
14810.0,4.85734e-10
14815.0,4.83584e-10
14820.0,4.84614e-10
14825.0,4.88355e-10
14830.0,4.93583e-10
14835.0,4.98874e-10
14840.0,5.02775e-10
14845.0,5.03626e-10
14850.0,5.00200e-10
14855.0,4.92665e-10
14860.0,4.82670e-10
14865.0,4.72980e-10
14870.0,4.66338e-10
14875.0,4.64020e-10
14880.0,4.65809e-10
14885.0,4.70462e-10
14890.0,4.76111e-10
14895.0,4.80640e-10
14900.0,4.83449e-10
14905.0,4.85035e-10
14910.0,4.85962e-10
14915.0,4.87355e-10
14920.0,4.89313e-10
14925.0,4.91164e-10
14930.0,4.92270e-10
14935.0,4.92105e-10
14940.0,4.90499e-10
14945.0,4.87783e-10
14950.0,4.84651e-10
14955.0,4.81868e-10
14960.0,4.80014e-10
14965.0,4.79333e-10
14970.0,4.79680e-10
14975.0,4.80616e-10
14980.0,4.81700e-10
14985.0,4.82782e-10
14990.0,4.83137e-10
14995.0,4.82135e-10
15000.0,4.79528e-10
15005.0,4.75740e-10
15010.0,4.66603e-10
15015.0,4.52513e-10
15020.0,4.36723e-10
15025.0,4.23053e-10
15030.0,4.14587e-10
15035.0,4.13325e-10
15040.0,4.19534e-10
15045.0,4.31708e-10
15050.0,4.46914e-10
15055.0,4.61452e-10
15060.0,4.71597e-10
15065.0,4.75797e-10
15070.0,4.76704e-10
15075.0,4.75526e-10
15080.0,4.73313e-10
15085.0,4.70838e-10
15090.0,4.68885e-10
15095.0,4.67964e-10
15100.0,4.68127e-10
15105.0,4.68974e-10
15110.0,4.69848e-10
15115.0,4.70136e-10
15120.0,4.69484e-10
15125.0,4.67939e-10
15130.0,4.65926e-10
15135.0,4.64027e-10
15140.0,4.62904e-10
15145.0,4.62959e-10
15150.0,4.63995e-10
15155.0,4.65529e-10
15160.0,4.66911e-10
15165.0,4.67619e-10
15170.0,4.67494e-10
15175.0,4.66922e-10
15180.0,4.66538e-10
15185.0,4.66842e-10
15190.0,4.67942e-10
15195.0,4.69441e-10
15200.0,4.70570e-10
15205.0,4.70494e-10
15210.0,4.68680e-10
15215.0,4.65163e-10
15220.0,4.60570e-10
15225.0,4.55948e-10
15230.0,4.52401e-10
15235.0,4.50749e-10
15240.0,4.51229e-10
15245.0,4.53450e-10
15250.0,4.56517e-10
15255.0,4.59340e-10
15260.0,4.61082e-10
15265.0,4.61130e-10
15270.0,4.59604e-10
15275.0,4.57300e-10
15280.0,4.55036e-10
15285.0,4.53679e-10
15290.0,4.53767e-10
15295.0,4.55327e-10
15300.0,4.57864e-10
15305.0,4.60540e-10
15310.0,4.62458e-10
15315.0,4.62959e-10
15320.0,4.61794e-10
15325.0,4.59196e-10
15330.0,4.55798e-10
15335.0,4.52436e-10
15340.0,4.49890e-10
15345.0,4.48623e-10
15350.0,4.48628e-10
15355.0,4.49446e-10
15360.0,4.50350e-10
15365.0,4.50598e-10
15370.0,4.49729e-10
15375.0,4.47733e-10
15380.0,4.45090e-10
15385.0,4.42597e-10
15390.0,4.41092e-10
15395.0,4.41422e-10
15400.0,4.43307e-10
15405.0,4.46312e-10
15410.0,4.49487e-10
15415.0,4.51778e-10
15420.0,4.52383e-10
15425.0,4.51029e-10
15430.0,4.48096e-10
15435.0,4.44467e-10
15440.0,4.41239e-10
15445.0,4.39336e-10
15450.0,4.39179e-10
15455.0,4.40571e-10
15460.0,4.42812e-10
15465.0,4.44985e-10
15470.0,4.46290e-10
15475.0,4.46310e-10
15480.0,4.45132e-10
15485.0,4.43288e-10
15490.0,4.41504e-10
15495.0,4.40390e-10
15500.0,4.40162e-10
15505.0,4.40606e-10
15510.0,4.41138e-10
15515.0,4.41106e-10
15520.0,4.39915e-10
15525.0,4.37319e-10
15530.0,4.33877e-10
15535.0,4.30211e-10
15540.0,4.27183e-10
15545.0,4.25497e-10
15550.0,4.25472e-10
15555.0,4.26944e-10
15560.0,4.29366e-10
15565.0,4.31973e-10
15570.0,4.34041e-10
15575.0,4.35094e-10
15580.0,4.35003e-10
15585.0,4.33952e-10
15590.0,4.32347e-10
15595.0,4.30683e-10
15600.0,4.29370e-10
15605.0,4.28647e-10
15610.0,4.28571e-10
15615.0,4.29063e-10
15620.0,4.29954e-10
15625.0,4.31020e-10
15630.0,4.32025e-10
15635.0,4.32745e-10
15640.0,4.32988e-10
15645.0,4.32631e-10
15650.0,4.31631e-10
15655.0,4.29938e-10
15660.0,4.27856e-10
15665.0,4.25637e-10
15670.0,4.23639e-10
15675.0,4.22161e-10
15680.0,4.21118e-10
15685.0,4.19981e-10
15690.0,4.18854e-10
15695.0,4.18342e-10
15700.0,4.18231e-10
15705.0,4.18232e-10
15710.0,4.18098e-10
15715.0,4.17678e-10
15720.0,4.17092e-10
15725.0,4.16216e-10
15730.0,4.14338e-10
15735.0,4.11615e-10
15740.0,4.08806e-10
15745.0,4.07028e-10
15750.0,4.02493e-10
15755.0,4.07552e-10
15760.0,4.05306e-10
15765.0,3.90650e-10
15770.0,3.88156e-10
15775.0,4.02950e-10
15780.0,4.14697e-10
15785.0,4.17680e-10
15790.0,4.17402e-10
15795.0,4.19627e-10
15800.0,4.20206e-10
15805.0,4.20903e-10
15810.0,4.20689e-10
15815.0,4.14692e-10
15820.0,4.07369e-10
15825.0,4.08518e-10
15830.0,4.12506e-10
15835.0,4.07081e-10
15840.0,4.10995e-10
15845.0,4.18573e-10
15850.0,4.19799e-10
15855.0,4.18053e-10
15860.0,4.15632e-10
15865.0,4.10340e-10
15870.0,4.04764e-10
15875.0,4.01312e-10
15880.0,3.93668e-10
15885.0,3.81678e-10
15890.0,3.72260e-10
15895.0,3.75524e-10
15900.0,3.87344e-10
15905.0,3.95838e-10
15910.0,4.01385e-10
15915.0,4.05817e-10
15920.0,4.09402e-10
15925.0,4.11885e-10
15930.0,4.13511e-10
15935.0,4.13219e-10
15940.0,4.09280e-10
15945.0,4.05805e-10
15950.0,4.05592e-10
15955.0,3.99770e-10
15960.0,3.90997e-10
15965.0,3.91039e-10
15970.0,3.96903e-10
15975.0,4.02507e-10
15980.0,4.03289e-10
15985.0,4.04040e-10
15990.0,4.08662e-10
15995.0,4.07016e-10
16000.0,4.02360e-10
16005.0,3.93981e-10
16010.0,3.87497e-10
16015.0,3.90168e-10
16020.0,3.93149e-10
16025.0,3.92669e-10
16030.0,3.95725e-10
16035.0,3.96903e-10
16040.0,3.92639e-10
16045.0,3.93334e-10
16050.0,3.99844e-10
16055.0,4.02326e-10
16060.0,3.99113e-10
16065.0,3.98243e-10
16070.0,3.98030e-10
16075.0,3.91815e-10
16080.0,3.88347e-10
16085.0,3.88052e-10
16090.0,3.84647e-10
16095.0,3.78372e-10
16100.0,3.75980e-10
16105.0,3.78607e-10
16110.0,3.82505e-10
16115.0,3.85314e-10
16120.0,3.86481e-10
16125.0,3.88640e-10
16130.0,3.88556e-10
16135.0,3.89914e-10
16140.0,3.92038e-10
16145.0,3.93132e-10
16150.0,3.90332e-10
16155.0,3.84369e-10
16160.0,3.81755e-10
16165.0,3.78934e-10
16170.0,3.80868e-10
16175.0,3.83191e-10
16180.0,3.81055e-10
16185.0,3.80722e-10
16190.0,3.83916e-10
16195.0,3.82234e-10
16200.0,3.76598e-10
16205.0,3.76851e-10
16210.0,3.77442e-10
16215.0,3.76474e-10
16220.0,3.80579e-10
16225.0,3.85932e-10
16230.0,3.86542e-10
16235.0,3.86076e-10
16240.0,3.86486e-10
16245.0,3.84572e-10
16250.0,3.85786e-10
16255.0,3.87213e-10
16260.0,3.86827e-10
16265.0,3.86414e-10
16270.0,3.85850e-10
16275.0,3.84725e-10
16280.0,3.83660e-10
16285.0,3.81990e-10
16290.0,3.81037e-10
16295.0,3.81266e-10
16300.0,3.80365e-10
16305.0,3.79761e-10
16310.0,3.78070e-10
16315.0,3.72852e-10
16320.0,3.69696e-10
16325.0,3.72983e-10
16330.0,3.75140e-10
16335.0,3.77186e-10
16340.0,3.80346e-10
16345.0,3.81504e-10
16350.0,3.79361e-10
16355.0,3.77034e-10
16360.0,3.74395e-10
16365.0,3.69232e-10
16370.0,3.66362e-10
16375.0,3.65576e-10
16380.0,3.58919e-10
16385.0,3.54508e-10
16390.0,3.54984e-10
16395.0,3.56701e-10
16400.0,3.58677e-10
16405.0,3.60679e-10
16410.0,3.61495e-10
16415.0,3.56605e-10
16420.0,3.56147e-10
16425.0,3.56750e-10
16430.0,3.57687e-10
16435.0,3.59040e-10
16440.0,3.60727e-10
16445.0,3.62517e-10
16450.0,3.64125e-10
16455.0,3.65594e-10
16460.0,3.66897e-10
16465.0,3.67654e-10
16470.0,3.67735e-10
16475.0,3.67266e-10
16480.0,3.66524e-10
16485.0,3.65827e-10
16490.0,3.65518e-10
16495.0,3.65650e-10
16500.0,3.66179e-10
16505.0,3.66930e-10
16510.0,3.67644e-10
16515.0,3.68064e-10
16520.0,3.68017e-10
16525.0,3.67466e-10
16530.0,3.66523e-10
16535.0,3.65400e-10
16540.0,3.64353e-10
16545.0,3.63574e-10
16550.0,3.63160e-10
16555.0,3.63088e-10
16560.0,3.63250e-10
16565.0,3.63508e-10
16570.0,3.63747e-10
16575.0,3.63918e-10
16580.0,3.64037e-10
16585.0,3.64160e-10
16590.0,3.64358e-10
16595.0,3.64673e-10
16600.0,3.65078e-10
16605.0,3.65448e-10
16610.0,3.65592e-10
16615.0,3.65284e-10
16620.0,3.64338e-10
16625.0,3.62634e-10
16630.0,3.60223e-10
16635.0,3.57220e-10
16640.0,3.53876e-10
16645.0,3.50669e-10
16650.0,3.47966e-10
16655.0,3.46108e-10
16660.0,3.45315e-10
16665.0,3.45635e-10
16670.0,3.46953e-10
16675.0,3.49022e-10
16680.0,3.51496e-10
16685.0,3.54002e-10
16690.0,3.56189e-10
16695.0,3.57780e-10
16700.0,3.58593e-10
16705.0,3.58566e-10
16710.0,3.57754e-10
16715.0,3.56306e-10
16720.0,3.54463e-10
16725.0,3.52103e-10
16730.0,3.49515e-10
16735.0,3.47359e-10
16740.0,3.45768e-10
16745.0,3.44674e-10
16750.0,3.44089e-10
16755.0,3.43920e-10
16760.0,3.43971e-10
16765.0,3.43991e-10
16770.0,3.43720e-10
16775.0,3.42953e-10
16780.0,3.41620e-10
16785.0,3.39732e-10
16790.0,3.37412e-10
16795.0,3.35080e-10
16800.0,3.33105e-10
16805.0,3.31851e-10
16810.0,3.31616e-10
16815.0,3.32524e-10
16820.0,3.34492e-10
16825.0,3.37235e-10
16830.0,3.40320e-10
16835.0,3.43242e-10
16840.0,3.45521e-10
16845.0,3.46831e-10
16850.0,3.47265e-10
16855.0,3.46626e-10
16860.0,3.44699e-10
16865.0,3.42135e-10
16870.0,3.39910e-10
16875.0,3.38380e-10
16880.0,3.37752e-10
16885.0,3.38011e-10
16890.0,3.38936e-10
16895.0,3.40168e-10
16900.0,3.41292e-10
16905.0,3.41959e-10
16910.0,3.41985e-10
16915.0,3.41377e-10
16920.0,3.40327e-10
16925.0,3.39162e-10
16930.0,3.38188e-10
16935.0,3.37840e-10
16940.0,3.38211e-10
16945.0,3.39139e-10
16950.0,3.40421e-10
16955.0,3.41660e-10
16960.0,3.42437e-10
16965.0,3.42424e-10
16970.0,3.41461e-10
16975.0,3.39619e-10
16980.0,3.37175e-10
16985.0,3.34542e-10
16990.0,3.32152e-10
16995.0,3.30355e-10
17000.0,3.29347e-10
17005.0,3.29115e-10
17010.0,3.29461e-10
17015.0,3.30053e-10
17020.0,3.30541e-10
17025.0,3.30643e-10
17030.0,3.30234e-10
17035.0,3.29364e-10
17040.0,3.28240e-10
17045.0,3.27163e-10
17050.0,3.26425e-10
17055.0,3.26215e-10
17060.0,3.26578e-10
17065.0,3.27380e-10
17070.0,3.28361e-10
17075.0,3.29194e-10
17080.0,3.29592e-10
17085.0,3.29438e-10
17090.0,3.28656e-10
17095.0,3.27376e-10
17100.0,3.26022e-10
17105.0,3.24878e-10
17110.0,3.24216e-10
17115.0,3.24169e-10
17120.0,3.24674e-10
17125.0,3.25507e-10
17130.0,3.26332e-10
17135.0,3.26797e-10
17140.0,3.26637e-10
17145.0,3.25752e-10
17150.0,3.24233e-10
17155.0,3.22357e-10
17160.0,3.20501e-10
17165.0,3.19038e-10
17170.0,3.18227e-10
17175.0,3.18167e-10
17180.0,3.18759e-10
17185.0,3.19740e-10
17190.0,3.20765e-10
17195.0,3.21493e-10
17200.0,3.21685e-10
17205.0,3.21266e-10
17210.0,3.20331e-10
17215.0,3.19109e-10
17220.0,3.17888e-10
17225.0,3.16938e-10
17230.0,3.16427e-10
17235.0,3.16378e-10
17240.0,3.16664e-10
17245.0,3.17061e-10
17250.0,3.17220e-10
17255.0,3.16912e-10
17260.0,3.16075e-10
17265.0,3.14694e-10
17270.0,3.12961e-10
17275.0,3.11490e-10
17280.0,3.11123e-10
17285.0,3.10530e-10
17290.0,3.08819e-10
17295.0,3.07431e-10
17300.0,3.06396e-10
17305.0,3.05519e-10
17310.0,3.04573e-10
17315.0,3.03350e-10
17320.0,3.01766e-10
17325.0,2.99888e-10
17330.0,2.97934e-10
17335.0,2.96207e-10
17340.0,2.95019e-10
17345.0,2.94578e-10
17350.0,2.94932e-10
17355.0,2.95948e-10
17360.0,2.97328e-10
17365.0,2.98688e-10
17370.0,2.99669e-10
17375.0,3.00036e-10
17380.0,2.99745e-10
17385.0,2.98963e-10
17390.0,2.98045e-10
17395.0,2.97437e-10
17400.0,2.97498e-10
17405.0,2.98620e-10
17410.0,2.99968e-10
17415.0,3.00555e-10
17420.0,3.02736e-10
17425.0,3.05607e-10
17430.0,3.07766e-10
17435.0,3.08738e-10
17440.0,3.08240e-10
17445.0,3.06333e-10
17450.0,3.03382e-10
17455.0,2.99975e-10
17460.0,2.96794e-10
17465.0,2.94453e-10
17470.0,2.93360e-10
17475.0,2.93626e-10
17480.0,2.95059e-10
17485.0,2.97218e-10
17490.0,2.99540e-10
17495.0,3.01475e-10
17500.0,3.02604e-10
17505.0,3.02741e-10
17510.0,3.01944e-10
17515.0,3.00478e-10
17520.0,2.98731e-10
17525.0,2.97124e-10
17530.0,2.96014e-10
17535.0,2.95613e-10
17540.0,2.95958e-10
17545.0,2.96906e-10
17550.0,2.98199e-10
17555.0,2.99509e-10
17560.0,3.00530e-10
17565.0,3.01037e-10
17570.0,3.00974e-10
17575.0,3.00344e-10
17580.0,2.99173e-10
17585.0,2.97757e-10
17590.0,2.96268e-10
17595.0,2.94812e-10
17600.0,2.93472e-10
17605.0,2.92268e-10
17610.0,2.91191e-10
17615.0,2.90232e-10
17620.0,2.89411e-10
17625.0,2.88778e-10
17630.0,2.88418e-10
17635.0,2.88418e-10
17640.0,2.88826e-10
17645.0,2.89618e-10
17650.0,2.90681e-10
17655.0,2.91832e-10
17660.0,2.92844e-10
17665.0,2.93506e-10
17670.0,2.93675e-10
17675.0,2.93322e-10
17680.0,2.92525e-10
17685.0,2.91465e-10
17690.0,2.90383e-10
17695.0,2.89518e-10
17700.0,2.89050e-10
17705.0,2.89055e-10
17710.0,2.89489e-10
17715.0,2.90175e-10
17720.0,2.90847e-10
17725.0,2.91217e-10
17730.0,2.91034e-10
17735.0,2.90169e-10
17740.0,2.88677e-10
17745.0,2.86702e-10
17750.0,2.84536e-10
17755.0,2.82629e-10
17760.0,2.81310e-10
17765.0,2.80810e-10
17770.0,2.81214e-10
17775.0,2.82414e-10
17780.0,2.84113e-10
17785.0,2.85897e-10
17790.0,2.87310e-10
17795.0,2.87956e-10
17800.0,2.87594e-10
17805.0,2.86179e-10
17810.0,2.83869e-10
17815.0,2.80983e-10
17820.0,2.77935e-10
17825.0,2.75158e-10
17830.0,2.73050e-10
17835.0,2.71923e-10
17840.0,2.71919e-10
17845.0,2.73001e-10
17850.0,2.74958e-10
17855.0,2.77432e-10
17860.0,2.79998e-10
17865.0,2.82155e-10
17870.0,2.83493e-10
17875.0,2.83906e-10
17880.0,2.83537e-10
17885.0,2.82599e-10
17890.0,2.81295e-10
17895.0,2.79786e-10
17900.0,2.78215e-10
17905.0,2.76723e-10
17910.0,2.75403e-10
17915.0,2.74437e-10
17920.0,2.74059e-10
17925.0,2.74224e-10
17930.0,2.74872e-10
17935.0,2.75883e-10
17940.0,2.77018e-10
17945.0,2.78065e-10
17950.0,2.78881e-10
17955.0,2.79387e-10
17960.0,2.79551e-10
17965.0,2.79351e-10
17970.0,2.78780e-10
17975.0,2.77840e-10
17980.0,2.76566e-10
17985.0,2.75036e-10
17990.0,2.73373e-10
17995.0,2.71721e-10
18000.0,2.70447e-10
18005.0,2.69806e-10
18010.0,2.69618e-10
18015.0,2.69829e-10
18020.0,2.70339e-10
18025.0,2.70946e-10
18030.0,2.71451e-10
18035.0,2.71687e-10
18040.0,2.71558e-10
18045.0,2.71045e-10
18050.0,2.70217e-10
18055.0,2.69220e-10
18060.0,2.68242e-10
18065.0,2.67488e-10
18070.0,2.67107e-10
18075.0,2.67157e-10
18080.0,2.67576e-10
18085.0,2.68237e-10
18090.0,2.68906e-10
18095.0,2.69316e-10
18100.0,2.69337e-10
18105.0,2.68851e-10
18110.0,2.67815e-10
18115.0,2.66312e-10
18120.0,2.64555e-10
18125.0,2.62868e-10
18130.0,2.61617e-10
18135.0,2.61115e-10
18140.0,2.61490e-10
18145.0,2.62631e-10
18150.0,2.64241e-10
18155.0,2.65935e-10
18160.0,2.67340e-10
18165.0,2.68158e-10
18170.0,2.68171e-10
18175.0,2.67243e-10
18180.0,2.65328e-10
18185.0,2.62524e-10
18190.0,2.59143e-10
18195.0,2.55777e-10
18200.0,2.53211e-10
18205.0,2.52159e-10
18210.0,2.52888e-10
18215.0,2.55093e-10
18220.0,2.58069e-10
18225.0,2.61069e-10
18230.0,2.63544e-10
18235.0,2.65184e-10
18240.0,2.65863e-10
18245.0,2.65561e-10
18250.0,2.64321e-10
18255.0,2.62257e-10
18260.0,2.59559e-10
18265.0,2.56507e-10
18270.0,2.53688e-10
18275.0,2.51702e-10
18280.0,2.50875e-10
18285.0,2.51393e-10
18290.0,2.53036e-10
18295.0,2.55262e-10
18300.0,2.57470e-10
18305.0,2.59191e-10
18310.0,2.60148e-10
18315.0,2.60250e-10
18320.0,2.59535e-10
18325.0,2.58146e-10
18330.0,2.56318e-10
18335.0,2.54359e-10
18340.0,2.52625e-10
18345.0,2.51453e-10
18350.0,2.51048e-10
18355.0,2.51416e-10
18360.0,2.52316e-10
18365.0,2.53331e-10
18370.0,2.53985e-10
18375.0,2.53853e-10
18380.0,2.52674e-10
18385.0,2.50437e-10
18390.0,2.47477e-10
18395.0,2.44472e-10
18400.0,2.42296e-10
18405.0,2.41634e-10
18410.0,2.42681e-10
18415.0,2.45083e-10
18420.0,2.48163e-10
18425.0,2.51264e-10
18430.0,2.53902e-10
18435.0,2.55773e-10
18440.0,2.56694e-10
18445.0,2.56688e-10
18450.0,2.55599e-10
18455.0,2.53058e-10
18460.0,2.49304e-10
18465.0,2.44620e-10
18470.0,2.39420e-10
18475.0,2.34777e-10
18480.0,2.32066e-10
18485.0,2.32195e-10
18490.0,2.35077e-10
18495.0,2.39542e-10
18500.0,2.44215e-10
18505.0,2.48096e-10
18510.0,2.50740e-10
18515.0,2.52079e-10
18520.0,2.52197e-10
18525.0,2.51255e-10
18530.0,2.49440e-10
18535.0,2.47001e-10
18540.0,2.44270e-10
18545.0,2.41673e-10
18550.0,2.39684e-10
18555.0,2.38678e-10
18560.0,2.38787e-10
18565.0,2.39830e-10
18570.0,2.41364e-10
18575.0,2.42868e-10
18580.0,2.43894e-10
18585.0,2.44163e-10
18590.0,2.43608e-10
18595.0,2.42341e-10
18600.0,2.40642e-10
18605.0,2.38920e-10
18610.0,2.37603e-10
18615.0,2.37037e-10
18620.0,2.37364e-10
18625.0,2.38484e-10
18630.0,2.40154e-10
18635.0,2.42030e-10
18640.0,2.43726e-10
18645.0,2.45022e-10
18650.0,2.45748e-10
18655.0,2.45733e-10
18660.0,2.44857e-10
18665.0,2.43018e-10
18670.0,2.40133e-10
18675.0,2.36202e-10
18680.0,2.31445e-10
18685.0,2.26483e-10
18690.0,2.22425e-10
18695.0,2.20684e-10
18700.0,2.22136e-10
18705.0,2.26508e-10
18710.0,2.32304e-10
18715.0,2.37729e-10
18720.0,2.41449e-10
18725.0,2.42797e-10
18730.0,2.41592e-10
18735.0,2.37989e-10
18740.0,2.32561e-10
18745.0,2.26483e-10
18750.0,2.21462e-10
18755.0,2.18984e-10
18760.0,2.19631e-10
18765.0,2.22737e-10
18770.0,2.27071e-10
18775.0,2.31471e-10
18780.0,2.35222e-10
18785.0,2.37998e-10
18790.0,2.39700e-10
18795.0,2.40323e-10
18800.0,2.39893e-10
18805.0,2.38433e-10
18810.0,2.36020e-10
18815.0,2.32821e-10
18820.0,2.29075e-10
18825.0,2.25416e-10
18830.0,2.22819e-10
18835.0,2.21751e-10
18840.0,2.22368e-10
18845.0,2.24514e-10
18850.0,2.27512e-10
18855.0,2.30627e-10
18860.0,2.33292e-10
18865.0,2.35165e-10
18870.0,2.36078e-10
18875.0,2.35955e-10
18880.0,2.34765e-10
18885.0,2.32523e-10
18890.0,2.29323e-10
18895.0,2.25433e-10
18900.0,2.21406e-10
18905.0,2.18077e-10
18910.0,2.16307e-10
18915.0,2.16618e-10
18920.0,2.18826e-10
18925.0,2.22208e-10
18930.0,2.25836e-10
18935.0,2.29009e-10
18940.0,2.31325e-10
18945.0,2.32627e-10
18950.0,2.32894e-10
18955.0,2.32156e-10
18960.0,2.30472e-10
18965.0,2.27944e-10
18970.0,2.24767e-10
18975.0,2.21291e-10
18980.0,2.18068e-10
18985.0,2.15786e-10
18990.0,2.15022e-10
18995.0,2.15988e-10
19000.0,2.18345e-10
19005.0,2.21360e-10
19010.0,2.24276e-10
19015.0,2.26610e-10
19020.0,2.27738e-10
19025.0,2.27350e-10
19030.0,2.25827e-10
19035.0,2.23349e-10
19040.0,2.20171e-10
19045.0,2.16912e-10
19050.0,2.14325e-10
19055.0,2.13051e-10
19060.0,2.13407e-10
19065.0,2.15186e-10
19070.0,2.17849e-10
19075.0,2.20740e-10
19080.0,2.23323e-10
19085.0,2.25247e-10
19090.0,2.26322e-10
19095.0,2.26445e-10
19100.0,2.25569e-10
19105.0,2.23681e-10
19110.0,2.20828e-10
19115.0,2.17207e-10
19120.0,2.13250e-10
19125.0,2.09669e-10
19130.0,2.07324e-10
19135.0,2.06830e-10
19140.0,2.08272e-10
19145.0,2.11096e-10
19150.0,2.14490e-10
19155.0,2.17690e-10
19160.0,2.20207e-10
19165.0,2.21807e-10
19170.0,2.22414e-10
19175.0,2.22041e-10
19180.0,2.20736e-10
19185.0,2.18596e-10
19190.0,2.15806e-10
19195.0,2.12678e-10
19200.0,2.09701e-10
19205.0,2.07466e-10
19210.0,2.06322e-10
19215.0,2.06516e-10
19220.0,2.08189e-10
19225.0,2.10655e-10
19230.0,2.13123e-10
19235.0,2.15271e-10
19240.0,2.16846e-10
19245.0,2.17682e-10
19250.0,2.17744e-10
19255.0,2.17056e-10
19260.0,2.15682e-10
19265.0,2.13749e-10
19270.0,2.11453e-10
19275.0,2.09081e-10
19280.0,2.06992e-10
19285.0,2.05555e-10
19290.0,2.05012e-10
19295.0,2.05417e-10
19300.0,2.06572e-10
19305.0,2.08143e-10
19310.0,2.09763e-10
19315.0,2.11147e-10
19320.0,2.12110e-10
19325.0,2.12574e-10
19330.0,2.12536e-10
19335.0,2.12044e-10
19340.0,2.11184e-10
19345.0,2.10074e-10
19350.0,2.08845e-10
19355.0,2.07654e-10
19360.0,2.06641e-10
19365.0,2.05925e-10
19370.0,2.05571e-10
19375.0,2.05564e-10
19380.0,2.05827e-10
19385.0,2.06244e-10
19390.0,2.06679e-10
19395.0,2.07011e-10
19400.0,2.07155e-10
19405.0,2.07067e-10
19410.0,2.06756e-10
19415.0,2.06266e-10
19420.0,2.05630e-10
19425.0,2.04933e-10
19430.0,2.04285e-10
19435.0,2.03754e-10
19440.0,2.03380e-10
19445.0,2.03186e-10
19450.0,2.03155e-10
19455.0,2.03246e-10
19460.0,2.03401e-10
19465.0,2.03564e-10
19470.0,2.03693e-10
19475.0,2.03753e-10
19480.0,2.03736e-10
19485.0,2.03648e-10
19490.0,2.03502e-10
19495.0,2.03314e-10
19500.0,2.03102e-10
19505.0,2.02867e-10
19510.0,2.02607e-10
19515.0,2.02304e-10
19520.0,2.01932e-10
19525.0,2.01454e-10
19530.0,2.00847e-10
19535.0,2.00093e-10
19540.0,1.99203e-10
19545.0,1.98233e-10
19550.0,1.97273e-10
19555.0,1.96444e-10
19560.0,1.95873e-10
19565.0,1.95655e-10
19570.0,1.95826e-10
19575.0,1.96345e-10
19580.0,1.97109e-10
19585.0,1.97984e-10
19590.0,1.98832e-10
19595.0,1.99534e-10
19600.0,1.99998e-10
19605.0,2.00174e-10
19610.0,2.00028e-10
19615.0,1.99576e-10
19620.0,1.98866e-10
19625.0,1.97910e-10
19630.0,1.96786e-10
19635.0,1.95660e-10
19640.0,1.94658e-10
19645.0,1.93885e-10
19650.0,1.93422e-10
19655.0,1.93305e-10
19660.0,1.93495e-10
19665.0,1.93901e-10
19670.0,1.94403e-10
19675.0,1.94876e-10
19680.0,1.95219e-10
19685.0,1.95362e-10
19690.0,1.95266e-10
19695.0,1.94936e-10
19700.0,1.94410e-10
19705.0,1.93749e-10
19710.0,1.93033e-10
19715.0,1.92356e-10
19720.0,1.91799e-10
19725.0,1.91422e-10
19730.0,1.91258e-10
19735.0,1.91292e-10
19740.0,1.91477e-10
19745.0,1.91748e-10
19750.0,1.92026e-10
19755.0,1.92235e-10
19760.0,1.92321e-10
19765.0,1.92243e-10
19770.0,1.91993e-10
19775.0,1.91583e-10
19780.0,1.91047e-10
19785.0,1.90438e-10
19790.0,1.89826e-10
19795.0,1.89273e-10
19800.0,1.88846e-10
19805.0,1.88581e-10
19810.0,1.88489e-10
19815.0,1.88551e-10
19820.0,1.88725e-10
19825.0,1.88956e-10
19830.0,1.89189e-10
19835.0,1.89339e-10
19840.0,1.89350e-10
19845.0,1.89229e-10
19850.0,1.88970e-10
19855.0,1.88575e-10
19860.0,1.88080e-10
19865.0,1.87530e-10
19870.0,1.86982e-10
19875.0,1.86488e-10
19880.0,1.86093e-10
19885.0,1.85831e-10
19890.0,1.85710e-10
19895.0,1.85717e-10
19900.0,1.85816e-10
19905.0,1.85965e-10
19910.0,1.86115e-10
19915.0,1.86229e-10
19920.0,1.86278e-10
19925.0,1.86245e-10
19930.0,1.86132e-10
19935.0,1.85951e-10
19940.0,1.85725e-10
19945.0,1.85480e-10
19950.0,1.85245e-10
19955.0,1.85042e-10
19960.0,1.84884e-10
19965.0,1.84774e-10
19970.0,1.84695e-10
19975.0,1.84618e-10
19980.0,1.84507e-10
19985.0,1.84305e-10
19990.0,1.83959e-10
19995.0,1.83410e-10
20000.0,1.82611e-10
20005.0,1.81536e-10
20010.0,1.80192e-10
20015.0,1.78654e-10
20020.0,1.77066e-10
20025.0,1.75659e-10
20030.0,1.74684e-10
20035.0,1.74348e-10
20040.0,1.74760e-10
20045.0,1.75805e-10
20050.0,1.77051e-10
20055.0,1.78880e-10
20060.0,1.82324e-10
20065.0,1.86253e-10
20070.0,1.89040e-10
20075.0,1.90771e-10
20080.0,1.91724e-10
20085.0,1.91928e-10
20090.0,1.91486e-10
20095.0,1.90535e-10
20100.0,1.89192e-10
20105.0,1.87587e-10
20110.0,1.85870e-10
20115.0,1.84206e-10
20120.0,1.82748e-10
20125.0,1.81635e-10
20130.0,1.80945e-10
20135.0,1.80683e-10
20140.0,1.80773e-10
20145.0,1.81072e-10
20150.0,1.81417e-10
20155.0,1.81665e-10
20160.0,1.81720e-10
20165.0,1.81542e-10
20170.0,1.81143e-10
20175.0,1.80582e-10
20180.0,1.79947e-10
20185.0,1.79339e-10
20190.0,1.78866e-10
20195.0,1.78608e-10
20200.0,1.78628e-10
20205.0,1.78946e-10
20210.0,1.79535e-10
20215.0,1.80334e-10
20220.0,1.81255e-10
20225.0,1.82189e-10
20230.0,1.83034e-10
20235.0,1.83698e-10
20240.0,1.84118e-10
20245.0,1.84248e-10
20250.0,1.84065e-10
20255.0,1.83570e-10
20260.0,1.82811e-10
20265.0,1.81838e-10
20270.0,1.80682e-10
20275.0,1.79423e-10
20280.0,1.78187e-10
20285.0,1.77062e-10
20290.0,1.76114e-10
20295.0,1.75410e-10
20300.0,1.74990e-10
20305.0,1.74861e-10
20310.0,1.75007e-10
20315.0,1.75380e-10
20320.0,1.75918e-10
20325.0,1.76545e-10
20330.0,1.77187e-10
20335.0,1.77765e-10
20340.0,1.78212e-10
20345.0,1.78480e-10
20350.0,1.78529e-10
20355.0,1.78347e-10
20360.0,1.77939e-10
20365.0,1.77335e-10
20370.0,1.76591e-10
20375.0,1.75766e-10
20380.0,1.74940e-10
20385.0,1.74182e-10
20390.0,1.73558e-10
20395.0,1.73118e-10
20400.0,1.72881e-10
20405.0,1.72853e-10
20410.0,1.73015e-10
20415.0,1.73332e-10
20420.0,1.73753e-10
20425.0,1.74220e-10
20430.0,1.74670e-10
20435.0,1.75049e-10
20440.0,1.75307e-10
20445.0,1.75410e-10
20450.0,1.75349e-10
20455.0,1.75119e-10
20460.0,1.74748e-10
20465.0,1.74267e-10
20470.0,1.73716e-10
20475.0,1.73144e-10
20480.0,1.72585e-10
20485.0,1.72062e-10
20490.0,1.71597e-10
20495.0,1.71224e-10
20500.0,1.70931e-10
20505.0,1.70684e-10
20510.0,1.70459e-10
20515.0,1.70234e-10
20520.0,1.69976e-10
20525.0,1.69664e-10
20530.0,1.69281e-10
20535.0,1.68838e-10
20540.0,1.68365e-10
20545.0,1.67905e-10
20550.0,1.67520e-10
20555.0,1.67262e-10
20560.0,1.67171e-10
20565.0,1.67264e-10
20570.0,1.67538e-10
20575.0,1.67972e-10
20580.0,1.68522e-10
20585.0,1.69134e-10
20590.0,1.69748e-10
20595.0,1.70299e-10
20600.0,1.70726e-10
20605.0,1.70964e-10
20610.0,1.70959e-10
20615.0,1.70672e-10
20620.0,1.70082e-10
20625.0,1.69193e-10
20630.0,1.68036e-10
20635.0,1.66680e-10
20640.0,1.65211e-10
20645.0,1.63743e-10
20650.0,1.62389e-10
20655.0,1.61252e-10
20660.0,1.60415e-10
20665.0,1.59927e-10
20670.0,1.59799e-10
20675.0,1.60011e-10
20680.0,1.60507e-10
20685.0,1.61223e-10
20690.0,1.62072e-10
20695.0,1.62969e-10
20700.0,1.63837e-10
20705.0,1.64594e-10
20710.0,1.65191e-10
20715.0,1.65618e-10
20720.0,1.65835e-10
20725.0,1.65790e-10
20730.0,1.65541e-10
20735.0,1.65180e-10
20740.0,1.64745e-10
20745.0,1.64270e-10
20750.0,1.63808e-10
20755.0,1.63400e-10
20760.0,1.63072e-10
20765.0,1.62837e-10
20770.0,1.62695e-10
20775.0,1.62636e-10
20780.0,1.62644e-10
20785.0,1.62695e-10
20790.0,1.62765e-10
20795.0,1.62836e-10
20800.0,1.62877e-10
20805.0,1.62881e-10
20810.0,1.62857e-10
20815.0,1.62734e-10
20820.0,1.62395e-10
20825.0,1.61877e-10
20830.0,1.61320e-10
20835.0,1.60909e-10
20840.0,1.60682e-10
20845.0,1.60488e-10
20850.0,1.60262e-10
20855.0,1.60051e-10
20860.0,1.59867e-10
20865.0,1.59709e-10
20870.0,1.59579e-10
20875.0,1.59475e-10
20880.0,1.59398e-10
20885.0,1.59340e-10
20890.0,1.59296e-10
20895.0,1.59259e-10
20900.0,1.59214e-10
20905.0,1.59155e-10
20910.0,1.59068e-10
20915.0,1.58947e-10
20920.0,1.58778e-10
20925.0,1.58558e-10
20930.0,1.58285e-10
20935.0,1.57962e-10
20940.0,1.57597e-10
20945.0,1.57203e-10
20950.0,1.56796e-10
20955.0,1.56401e-10
20960.0,1.56056e-10
20965.0,1.55769e-10
20970.0,1.55549e-10
20975.0,1.55413e-10
20980.0,1.55369e-10
20985.0,1.55411e-10
20990.0,1.55525e-10
20995.0,1.55697e-10
21000.0,1.55898e-10
21005.0,1.56100e-10
21010.0,1.56272e-10
21015.0,1.56378e-10
21020.0,1.56380e-10
21025.0,1.56239e-10
21030.0,1.55923e-10
21035.0,1.55462e-10
21040.0,1.54902e-10
21045.0,1.54261e-10
21050.0,1.53568e-10
21055.0,1.52892e-10
21060.0,1.52314e-10
21065.0,1.51907e-10
21070.0,1.51687e-10
21075.0,1.51633e-10
21080.0,1.51744e-10
21085.0,1.52013e-10
21090.0,1.52406e-10
21095.0,1.52870e-10
21100.0,1.53352e-10
21105.0,1.53786e-10
21110.0,1.54110e-10
21115.0,1.54272e-10
21120.0,1.54237e-10
21125.0,1.53987e-10
21130.0,1.53537e-10
21135.0,1.52915e-10
21140.0,1.52178e-10
21145.0,1.51392e-10
21150.0,1.50632e-10
21155.0,1.49970e-10
21160.0,1.49469e-10
21165.0,1.49177e-10
21170.0,1.49119e-10
21175.0,1.49293e-10
21180.0,1.49678e-10
21185.0,1.50227e-10
21190.0,1.50884e-10
21195.0,1.51558e-10
21200.0,1.52151e-10
21205.0,1.52600e-10
21210.0,1.52856e-10
21215.0,1.52879e-10
21220.0,1.52646e-10
21225.0,1.52170e-10
21230.0,1.51498e-10
21235.0,1.50691e-10
21240.0,1.49823e-10
21245.0,1.48980e-10
21250.0,1.48236e-10
21255.0,1.47659e-10
21260.0,1.47292e-10
21265.0,1.47161e-10
21270.0,1.47259e-10
21275.0,1.47562e-10
21280.0,1.48021e-10
21285.0,1.48566e-10
21290.0,1.49128e-10
21295.0,1.49627e-10
21300.0,1.49995e-10
21305.0,1.50184e-10
21310.0,1.50152e-10
21315.0,1.49894e-10
21320.0,1.49427e-10
21325.0,1.48787e-10
21330.0,1.48030e-10
21335.0,1.47230e-10
21340.0,1.46461e-10
21345.0,1.45792e-10
21350.0,1.45283e-10
21355.0,1.44976e-10
21360.0,1.44897e-10
21365.0,1.45041e-10
21370.0,1.45384e-10
21375.0,1.45881e-10
21380.0,1.46477e-10
21385.0,1.47102e-10
21390.0,1.47685e-10
21395.0,1.48167e-10
21400.0,1.48493e-10
21405.0,1.48624e-10
21410.0,1.48540e-10
21415.0,1.48241e-10
21420.0,1.47749e-10
21425.0,1.47097e-10
21430.0,1.46335e-10
21435.0,1.45507e-10
21440.0,1.44689e-10
21445.0,1.43952e-10
21450.0,1.43334e-10
21455.0,1.42856e-10
21460.0,1.42541e-10
21465.0,1.42400e-10
21470.0,1.42428e-10
21475.0,1.42593e-10
21480.0,1.42860e-10
21485.0,1.43183e-10
21490.0,1.43528e-10
21495.0,1.43862e-10
21500.0,1.44150e-10
21505.0,1.44368e-10
21510.0,1.44501e-10
21515.0,1.44540e-10
21520.0,1.44483e-10
21525.0,1.44340e-10
21530.0,1.44120e-10
21535.0,1.43837e-10
21540.0,1.43514e-10
21545.0,1.43177e-10
21550.0,1.42841e-10
21555.0,1.42525e-10
21560.0,1.42254e-10
21565.0,1.42042e-10
21570.0,1.41828e-10
21575.0,1.41606e-10
21580.0,1.41641e-10
21585.0,1.42088e-10
21590.0,1.42602e-10
21595.0,1.42777e-10
21600.0,1.42454e-10
21605.0,1.41671e-10
21610.0,1.40627e-10
21615.0,1.39426e-10
21620.0,1.38047e-10
21625.0,1.36516e-10
21630.0,1.34929e-10
21635.0,1.33371e-10
21640.0,1.31931e-10
21645.0,1.30687e-10
21650.0,1.29704e-10
21655.0,1.29031e-10
21660.0,1.28703e-10
21665.0,1.28741e-10
21670.0,1.29126e-10
21675.0,1.29807e-10
21680.0,1.30745e-10
21685.0,1.31932e-10
21690.0,1.33258e-10
21695.0,1.34528e-10
21700.0,1.35620e-10
21705.0,1.36520e-10
21710.0,1.37281e-10
21715.0,1.37988e-10
21720.0,1.38632e-10
21725.0,1.39164e-10
21730.0,1.39547e-10
21735.0,1.39760e-10
21740.0,1.39785e-10
21745.0,1.39620e-10
21750.0,1.39271e-10
21755.0,1.38769e-10
21760.0,1.38147e-10
21765.0,1.37452e-10
21770.0,1.36731e-10
21775.0,1.36031e-10
21780.0,1.35399e-10
21785.0,1.34867e-10
21790.0,1.34468e-10
21795.0,1.34213e-10
21800.0,1.34104e-10
21805.0,1.34130e-10
21810.0,1.34271e-10
21815.0,1.34500e-10
21820.0,1.34781e-10
21825.0,1.35079e-10
21830.0,1.35363e-10
21835.0,1.35603e-10
21840.0,1.35772e-10
21845.0,1.35857e-10
21850.0,1.35846e-10
21855.0,1.35739e-10
21860.0,1.35548e-10
21865.0,1.35299e-10
21870.0,1.35014e-10
21875.0,1.34718e-10
21880.0,1.34431e-10
21885.0,1.34183e-10
21890.0,1.33988e-10
21895.0,1.33863e-10
21900.0,1.33816e-10
21905.0,1.33844e-10
21910.0,1.33939e-10
21915.0,1.34084e-10
21920.0,1.34262e-10
21925.0,1.34455e-10
21930.0,1.34628e-10
21935.0,1.34764e-10
21940.0,1.34924e-10
21945.0,1.35098e-10
21950.0,1.35104e-10
21955.0,1.34819e-10
21960.0,1.34341e-10
21965.0,1.33781e-10
21970.0,1.33158e-10
21975.0,1.32482e-10
21980.0,1.31776e-10
21985.0,1.31066e-10
21990.0,1.30366e-10
21995.0,1.29699e-10
22000.0,1.29083e-10
22005.0,1.28535e-10
22010.0,1.28071e-10
22015.0,1.27702e-10
22020.0,1.27436e-10
22025.0,1.27279e-10
22030.0,1.27233e-10
22035.0,1.27279e-10
22040.0,1.27399e-10
22045.0,1.27647e-10
22050.0,1.28096e-10
22055.0,1.28718e-10
22060.0,1.29409e-10
22065.0,1.29983e-10
22070.0,1.30290e-10
22075.0,1.30397e-10
22080.0,1.30420e-10
22085.0,1.30350e-10
22090.0,1.30157e-10
22095.0,1.29843e-10
22100.0,1.29432e-10
22105.0,1.28951e-10
22110.0,1.28429e-10
22115.0,1.27899e-10
22120.0,1.27402e-10
22125.0,1.26971e-10
22130.0,1.26639e-10
22135.0,1.26433e-10
22140.0,1.26369e-10
22145.0,1.26451e-10
22150.0,1.26680e-10
22155.0,1.27036e-10
22160.0,1.27495e-10
22165.0,1.28020e-10
22170.0,1.28567e-10
22175.0,1.29090e-10
22180.0,1.29537e-10
22185.0,1.29857e-10
22190.0,1.30027e-10
22195.0,1.30046e-10
22200.0,1.29887e-10
22205.0,1.29502e-10
22210.0,1.28917e-10
22215.0,1.28220e-10
22220.0,1.27473e-10
22225.0,1.26705e-10
22230.0,1.25957e-10
22235.0,1.25282e-10
22240.0,1.24727e-10
22245.0,1.24316e-10
22250.0,1.24072e-10
22255.0,1.23991e-10
22260.0,1.24064e-10
22265.0,1.24272e-10
22270.0,1.24576e-10
22275.0,1.24933e-10
22280.0,1.25299e-10
22285.0,1.25627e-10
22290.0,1.25875e-10
22295.0,1.26009e-10
22300.0,1.26004e-10
22305.0,1.25854e-10
22310.0,1.25569e-10
22315.0,1.25167e-10
22320.0,1.24682e-10
22325.0,1.24155e-10
22330.0,1.23627e-10
22335.0,1.23139e-10
22340.0,1.22728e-10
22345.0,1.22417e-10
22350.0,1.22223e-10
22355.0,1.22147e-10
22360.0,1.22179e-10
22365.0,1.22298e-10
22370.0,1.22474e-10
22375.0,1.22673e-10
22380.0,1.22853e-10
22385.0,1.22981e-10
22390.0,1.23021e-10
22395.0,1.22949e-10
22400.0,1.22753e-10
22405.0,1.22432e-10
22410.0,1.22004e-10
22415.0,1.21493e-10
22420.0,1.20938e-10
22425.0,1.20385e-10
22430.0,1.19877e-10
22435.0,1.19457e-10
22440.0,1.19161e-10
22445.0,1.19019e-10
22450.0,1.19041e-10
22455.0,1.19226e-10
22460.0,1.19560e-10
22465.0,1.20017e-10
22470.0,1.20559e-10
22475.0,1.21151e-10
22480.0,1.21745e-10
22485.0,1.22285e-10
22490.0,1.22719e-10
22495.0,1.23011e-10
22500.0,1.23134e-10
22505.0,1.23070e-10
22510.0,1.22815e-10
22515.0,1.22383e-10
22520.0,1.21798e-10
22525.0,1.21102e-10
22530.0,1.20339e-10
22535.0,1.19560e-10
22540.0,1.18809e-10
22545.0,1.18130e-10
22550.0,1.17557e-10
22555.0,1.17108e-10
22560.0,1.16795e-10
22565.0,1.16614e-10
22570.0,1.16556e-10
22575.0,1.16597e-10
22580.0,1.16715e-10
22585.0,1.16878e-10
22590.0,1.17061e-10
22595.0,1.17238e-10
22600.0,1.17388e-10
22605.0,1.17495e-10
22610.0,1.17553e-10
22615.0,1.17564e-10
22620.0,1.17533e-10
22625.0,1.17475e-10
22630.0,1.17409e-10
22635.0,1.17354e-10
22640.0,1.17327e-10
22645.0,1.17346e-10
22650.0,1.17423e-10
22655.0,1.17559e-10
22660.0,1.17752e-10
22665.0,1.17990e-10
22670.0,1.18255e-10
22675.0,1.18528e-10
22680.0,1.18785e-10
22685.0,1.19001e-10
22690.0,1.19154e-10
22695.0,1.19224e-10
22700.0,1.19198e-10
22705.0,1.19072e-10
22710.0,1.18847e-10
22715.0,1.18531e-10
22720.0,1.18139e-10
22725.0,1.17693e-10
22730.0,1.17223e-10
22735.0,1.16746e-10
22740.0,1.16274e-10
22745.0,1.15832e-10
22750.0,1.15453e-10
22755.0,1.15152e-10
22760.0,1.14917e-10
22765.0,1.14733e-10
22770.0,1.14604e-10
22775.0,1.14525e-10
22780.0,1.14477e-10
22785.0,1.14446e-10
22790.0,1.14420e-10
22795.0,1.14390e-10
22800.0,1.14347e-10
22805.0,1.14289e-10
22810.0,1.14214e-10
22815.0,1.14125e-10
22820.0,1.14028e-10
22825.0,1.13925e-10
22830.0,1.13825e-10
22835.0,1.13735e-10
22840.0,1.13660e-10
22845.0,1.13603e-10
22850.0,1.13569e-10
22855.0,1.13548e-10
22860.0,1.13540e-10
22865.0,1.13535e-10
22870.0,1.13522e-10
22875.0,1.13489e-10
22880.0,1.13430e-10
22885.0,1.13333e-10
22890.0,1.13196e-10
22895.0,1.13015e-10
22900.0,1.12790e-10
22905.0,1.12532e-10
22910.0,1.12253e-10
22915.0,1.11964e-10
22920.0,1.11682e-10
22925.0,1.11425e-10
22930.0,1.11214e-10
22935.0,1.11062e-10
22940.0,1.10979e-10
22945.0,1.10972e-10
22950.0,1.11039e-10
22955.0,1.11168e-10
22960.0,1.11352e-10
22965.0,1.11568e-10
22970.0,1.11792e-10
22975.0,1.12005e-10
22980.0,1.12179e-10
22985.0,1.12295e-10
22990.0,1.12337e-10
22995.0,1.12293e-10
23000.0,1.12157e-10
23005.0,1.11936e-10
23010.0,1.11642e-10
23015.0,1.11289e-10
23020.0,1.10895e-10
23025.0,1.10484e-10
23030.0,1.10097e-10
23035.0,1.09775e-10
23040.0,1.09541e-10
23045.0,1.09399e-10
23050.0,1.09357e-10
23055.0,1.09425e-10
23060.0,1.09600e-10
23065.0,1.09869e-10
23070.0,1.10201e-10
23075.0,1.10574e-10
23080.0,1.10949e-10
23085.0,1.11297e-10
23090.0,1.11585e-10
23095.0,1.11786e-10
23100.0,1.11876e-10
23105.0,1.11842e-10
23110.0,1.11676e-10
23115.0,1.11375e-10
23120.0,1.10949e-10
23125.0,1.10415e-10
23130.0,1.09793e-10
23135.0,1.09110e-10
23140.0,1.08404e-10
23145.0,1.07705e-10
23150.0,1.07054e-10
23155.0,1.06481e-10
23160.0,1.06017e-10
23165.0,1.05683e-10
23170.0,1.05486e-10
23175.0,1.05437e-10
23180.0,1.05522e-10
23185.0,1.05720e-10
23190.0,1.06011e-10
23195.0,1.06360e-10
23200.0,1.06737e-10
23205.0,1.07108e-10
23210.0,1.07446e-10
23215.0,1.07726e-10
23220.0,1.07937e-10
23225.0,1.08066e-10
23230.0,1.08110e-10
23235.0,1.08078e-10
23240.0,1.07977e-10
23245.0,1.07823e-10
23250.0,1.07627e-10
23255.0,1.07410e-10
23260.0,1.07189e-10
23265.0,1.06974e-10
23270.0,1.06781e-10
23275.0,1.06616e-10
23280.0,1.06483e-10
23285.0,1.06382e-10
23290.0,1.06309e-10
23295.0,1.06256e-10
23300.0,1.06213e-10
23305.0,1.06175e-10
23310.0,1.06132e-10
23315.0,1.06080e-10
23320.0,1.06004e-10
23325.0,1.05900e-10
23330.0,1.05771e-10
23335.0,1.05625e-10
23340.0,1.05467e-10
23345.0,1.05306e-10
23350.0,1.05149e-10
23355.0,1.05003e-10
23360.0,1.04881e-10
23365.0,1.04784e-10
23370.0,1.04719e-10
23375.0,1.04683e-10
23380.0,1.04674e-10
23385.0,1.04681e-10
23390.0,1.04700e-10
23395.0,1.04714e-10
23400.0,1.04711e-10
23405.0,1.04678e-10
23410.0,1.04605e-10
23415.0,1.04486e-10
23420.0,1.04316e-10
23425.0,1.04094e-10
23430.0,1.03826e-10
23435.0,1.03521e-10
23440.0,1.03189e-10
23445.0,1.02849e-10
23450.0,1.02520e-10
23455.0,1.02217e-10
23460.0,1.01959e-10
23465.0,1.01759e-10
23470.0,1.01626e-10
23475.0,1.01565e-10
23480.0,1.01579e-10
23485.0,1.01659e-10
23490.0,1.01790e-10
23495.0,1.01954e-10
23500.0,1.02130e-10
23505.0,1.02292e-10
23510.0,1.02416e-10
23515.0,1.02479e-10
23520.0,1.02466e-10
23525.0,1.02364e-10
23530.0,1.02167e-10
23535.0,1.01877e-10
23540.0,1.01509e-10
23545.0,1.01080e-10
23550.0,1.00613e-10
23555.0,1.00141e-10
23560.0,9.96922e-11
23565.0,9.93027e-11
23570.0,9.89972e-11
23575.0,9.88042e-11
23580.0,9.87373e-11
23585.0,9.88061e-11
23590.0,9.90120e-11
23595.0,9.93382e-11
23600.0,9.97695e-11
23605.0,1.00279e-10
23610.0,1.00845e-10
23615.0,1.01424e-10
23620.0,1.01959e-10
23625.0,1.02414e-10
23630.0,1.02769e-10
23635.0,1.03007e-10
23640.0,1.03104e-10
23645.0,1.03039e-10
23650.0,1.02806e-10
23655.0,1.02415e-10
23660.0,1.01875e-10
23665.0,1.01216e-10
23670.0,1.00463e-10
23675.0,9.96615e-11
23680.0,9.88514e-11
23685.0,9.80836e-11
23690.0,9.74052e-11
23695.0,9.68587e-11
23700.0,9.64776e-11
23705.0,9.62916e-11
23710.0,9.63097e-11
23715.0,9.65300e-11
23720.0,9.69324e-11
23725.0,9.74849e-11
23730.0,9.81449e-11
23735.0,9.88646e-11
23740.0,9.95897e-11
23745.0,1.00275e-10
23750.0,1.00878e-10
23755.0,1.01361e-10
23760.0,1.01699e-10
23765.0,1.01881e-10
23770.0,1.01903e-10
23775.0,1.01768e-10
23780.0,1.01491e-10
23785.0,1.01094e-10
23790.0,1.00605e-10
23795.0,1.00052e-10
23800.0,9.94681e-11
23805.0,9.88830e-11
23810.0,9.83323e-11
23815.0,9.78450e-11
23820.0,9.74417e-11
23825.0,9.71440e-11
23830.0,9.69599e-11
23835.0,9.68880e-11
23840.0,9.69244e-11
23845.0,9.70482e-11
23850.0,9.72380e-11
23855.0,9.74606e-11
23860.0,9.76842e-11
23865.0,9.78814e-11
23870.0,9.80192e-11
23875.0,9.80779e-11
23880.0,9.80384e-11
23885.0,9.78978e-11
23890.0,9.76572e-11
23895.0,9.73217e-11
23900.0,9.69101e-11
23905.0,9.64414e-11
23910.0,9.59357e-11
23915.0,9.54103e-11
23920.0,9.48957e-11
23925.0,9.44409e-11
23930.0,9.40675e-11
23935.0,9.37832e-11
23940.0,9.35909e-11
23945.0,9.35026e-11
23950.0,9.35313e-11
23955.0,9.36777e-11
23960.0,9.39309e-11
23965.0,9.42742e-11
23970.0,9.46879e-11
23975.0,9.51460e-11
23980.0,9.56240e-11
23985.0,9.60923e-11
23990.0,9.65246e-11
23995.0,9.68956e-11
24000.0,9.71826e-11
24005.0,9.73751e-11
24010.0,9.74616e-11
24015.0,9.74399e-11
24020.0,9.73123e-11
24025.0,9.70905e-11
24030.0,9.67865e-11
24035.0,9.64147e-11
24040.0,9.59960e-11
24045.0,9.55493e-11
24050.0,9.50976e-11
24055.0,9.46579e-11
24060.0,9.42494e-11
24065.0,9.38877e-11
24070.0,9.35864e-11
24075.0,9.33532e-11
24080.0,9.31942e-11
24085.0,9.31050e-11
24090.0,9.30884e-11
24095.0,9.31307e-11
24100.0,9.32230e-11
24105.0,9.33538e-11
24110.0,9.35073e-11
24115.0,9.36709e-11
24120.0,9.38306e-11
24125.0,9.39695e-11
24130.0,9.40767e-11
24135.0,9.41440e-11
24140.0,9.41647e-11
24145.0,9.41315e-11
24150.0,9.40389e-11
24155.0,9.38913e-11
24160.0,9.36901e-11
24165.0,9.34401e-11
24170.0,9.31532e-11
24175.0,9.28383e-11
24180.0,9.25099e-11
24185.0,9.21869e-11
24190.0,9.18805e-11
24195.0,9.16116e-11
24200.0,9.13907e-11
24205.0,9.12333e-11
24210.0,9.11470e-11
24215.0,9.11335e-11
24220.0,9.11960e-11
24225.0,9.13216e-11
24230.0,9.15046e-11
24235.0,9.17416e-11
24240.0,9.20278e-11
24245.0,9.23484e-11
24250.0,9.26799e-11
24255.0,9.30002e-11
24260.0,9.33039e-11
24265.0,9.35763e-11
24270.0,9.38085e-11
24275.0,9.39868e-11
24280.0,9.40974e-11
24285.0,9.41324e-11
24290.0,9.40846e-11
24295.0,9.39472e-11
24300.0,9.37135e-11
24305.0,9.33862e-11
24310.0,9.29659e-11
24315.0,9.24604e-11
24320.0,9.18832e-11
24325.0,9.12527e-11
24330.0,9.05904e-11
24335.0,8.99260e-11
24340.0,8.92959e-11
24345.0,8.87278e-11
24350.0,8.82523e-11
24355.0,8.78950e-11
24360.0,8.76752e-11
24365.0,8.75933e-11
24370.0,8.76517e-11
24375.0,8.78331e-11
24380.0,8.81181e-11
24385.0,8.84848e-11
24390.0,8.89031e-11
24395.0,8.93495e-11
24400.0,8.97961e-11
24405.0,9.02181e-11
24410.0,9.05941e-11
24415.0,9.09077e-11
24420.0,9.11375e-11
24425.0,9.12760e-11
24430.0,9.13116e-11
24435.0,9.12385e-11
24440.0,9.10521e-11
24445.0,9.07541e-11
24450.0,9.03512e-11
24455.0,8.98468e-11
24460.0,8.92618e-11
24465.0,8.86100e-11
24470.0,8.79163e-11
24475.0,8.72142e-11
24480.0,8.65318e-11
24485.0,8.59056e-11
24490.0,8.53649e-11
24495.0,8.49326e-11
24500.0,8.46306e-11
24505.0,8.44653e-11
24510.0,8.44347e-11
24515.0,8.45263e-11
24520.0,8.47239e-11
24525.0,8.49989e-11
24530.0,8.53289e-11
24535.0,8.56824e-11
24540.0,8.60369e-11
24545.0,8.63784e-11
24550.0,8.66987e-11
24555.0,8.69725e-11
24560.0,8.71768e-11
24565.0,8.73054e-11
24570.0,8.73755e-11
24575.0,8.74012e-11
24580.0,8.73873e-11
24585.0,8.73373e-11
24590.0,8.72573e-11
24595.0,8.71645e-11
24600.0,8.70696e-11
24605.0,8.69883e-11
24610.0,8.69311e-11
24615.0,8.69042e-11
24620.0,8.69185e-11
24625.0,8.69761e-11
24630.0,8.70760e-11
24635.0,8.72128e-11
24640.0,8.73832e-11
24645.0,8.75726e-11
24650.0,8.77688e-11
24655.0,8.79572e-11
24660.0,8.81214e-11
24665.0,8.82491e-11
24670.0,8.83269e-11
24675.0,8.83440e-11
24680.0,8.82932e-11
24685.0,8.81704e-11
24690.0,8.79731e-11
24695.0,8.77040e-11
24700.0,8.73710e-11
24705.0,8.69879e-11
24710.0,8.65682e-11
24715.0,8.61242e-11
24720.0,8.56740e-11
24725.0,8.52397e-11
24730.0,8.48358e-11
24735.0,8.44811e-11
24740.0,8.41876e-11
24745.0,8.39683e-11
24750.0,8.38247e-11
24755.0,8.37600e-11
24760.0,8.37730e-11
24765.0,8.38543e-11
24770.0,8.39933e-11
24775.0,8.41777e-11
24780.0,8.43887e-11
24785.0,8.46127e-11
24790.0,8.48305e-11
24795.0,8.50265e-11
24800.0,8.51868e-11
24805.0,8.52969e-11
24810.0,8.53464e-11
24815.0,8.53280e-11
24820.0,8.52377e-11
24825.0,8.50729e-11
24830.0,8.48385e-11
24835.0,8.45345e-11
24840.0,8.41723e-11
24845.0,8.37630e-11
24850.0,8.33155e-11
24855.0,8.28462e-11
24860.0,8.23739e-11
24865.0,8.19184e-11
24870.0,8.14913e-11
24875.0,8.11027e-11
24880.0,8.07574e-11
24885.0,8.04806e-11
24890.0,8.03008e-11
24895.0,8.02189e-11
24900.0,8.02144e-11
24905.0,8.02581e-11
24910.0,8.03467e-11
24915.0,8.04722e-11
24920.0,8.06282e-11
24925.0,8.07989e-11
24930.0,8.09673e-11
24935.0,8.11280e-11
24940.0,8.12715e-11
24945.0,8.13943e-11
24950.0,8.14977e-11
24955.0,8.15783e-11
24960.0,8.16435e-11
24965.0,8.16985e-11
24970.0,8.17492e-11
24975.0,8.18015e-11
24980.0,8.18662e-11
24985.0,7.16887e-11
24990.0,1.02409e-11
24995.0,0.00000
25000.0,0.00000
